-3 -0.99997790951209
-2.875 -0.999952145187137
-2.75 -0.999899378078748
-2.625 -0.99979462426524
-2.5 -0.999593047986299
-2.375 -0.999217061790127
-2.25 -0.998537283415457
-2.125 -0.997345970642168
-2 -0.995322265022516
-1.875 -0.991990057675971
-1.75 -0.986671671237959
-1.625 -0.978443733301568
-1.5 -0.966105146670713
-1.375 -0.94817007338965
-1.25 -0.92290013008888
-1.125 -0.888388231701757
-1 -0.842700792949742
-0.875 -0.784075061059875
-0.75 -0.711155633653523
-0.625 -0.623240882188418
-0.5 -0.520499877813047
-0.375 -0.404116909434822
-0.25 -0.276326390168237
-0.125 -0.140316204801334
0 0
0.125 0.140316204801334
0.25 0.276326390168237
0.375 0.404116909434822
0.5 0.520499877813047
0.625 0.623240882188418
0.75 0.711155633653523
0.875 0.784075061059875
1 0.842700792949742
1.125 0.888388231701757
1.25 0.92290013008888
1.375 0.94817007338965
1.5 0.966105146670713
1.625 0.978443733301568
1.75 0.986671671237959
1.875 0.991990057675971
2 0.995322265022516
2.125 0.997345970642168
2.25 0.998537283415457
2.375 0.999217061790127
2.5 0.999593047986299
2.625 0.99979462426524
2.75 0.999899378078748
2.875 0.999952145187137
3 0.99997790951209


-2   -0.995322265
-1   -0.842700793
-0.5 -0.520499878
-0.2 -0.222702589
 0.2  0.222702589
 0.5  0.520499878
 1    0.842700793
 2    0.995322265
