Hard Integral Calculation
Integral: ∫(1 - cos(x)cos(y)cos(z)) / π³ dx dy dz; over [0;π]³
Exact Value: 1.39320392968568
N (Sample Points); Estimate; Uncertainty; Absolute Error
====================================================================
200 1.02178193545519 0.0248159426279712 0.371421994230483
400 1.00619255796596 0.0192101207138737 0.387011371719717
600 0.996764185772439 0.0149571775322666 0.396439743913237
800 1.00900619047963 0.0125456889883711 0.384197739206042
1000 0.982504392504529 0.0109542879867531 0.410699537181148
1200 0.99051883191969 0.0102742380441853 0.402685097765987
1400 1.00636282324921 0.00982987032103849 0.386841106436464
1600 1.00596645669848 0.00880995805303125 0.387237472987192
1800 1.00746658390445 0.00846512252356462 0.385737345781224
2000 0.998045173971503 0.00811520523742163 0.395158755714174
2200 0.994785695904803 0.00752948731152875 0.398418233780874
2400 0.992801116300228 0.00732051219868952 0.400402813385449
2600 0.991118128824165 0.00702847873561937 0.402085800861512
2800 0.994910892618602 0.00670566224834996 0.398293037067075
3000 1.00337656517472 0.00642283482609848 0.389827364510952
3200 0.989467388471142 0.00623203805149074 0.403736541214534
3400 0.999238193360252 0.00602631233139256 0.393965736325425
3600 0.997095288276524 0.00598631333829182 0.396108641409153
3800 0.994741094114986 0.00565368449662189 0.398462835570691
4000 1.00687823420384 0.00549709341637946 0.386325695481834
4200 0.996922585185128 0.00548463631832863 0.396281344500549
4400 0.99526988286275 0.00540045562277942 0.397934046822927
4600 1.00430990777096 0.00523415452298158 0.388894021914718
4800 0.99632781543143 0.00508617281552831 0.396876114254246
5000 1.00071833165933 0.00503680616955941 0.392485598026342
5200 0.999844856966956 0.00488981708553932 0.393359072718721
5400 0.992242418940943 0.00481252244987422 0.400961510744734
5600 0.992675675898269 0.00474861727853537 0.400528253787408
5800 1.00397660708407 0.00464423075460771 0.389227322601605
6000 1.00204453582342 0.00449251537441815 0.391159393862257
6200 0.999039688303995 0.00452639529227815 0.394164241381682
6400 0.997533125484246 0.00440909110450668 0.395670804201431
6600 1.00356586170916 0.00431197377022597 0.389638067976519
6800 1.00323809175278 0.00427443598126479 0.3899658379329
7000 1.00789280181381 0.00416178350400967 0.385311127871864
7200 1.00089235137243 0.0041486617766822 0.392311578313249
7400 0.997957844099844 0.00413842411441017 0.395246085585832
7600 0.996898205958088 0.00398350646673366 0.396305723727589
7800 0.99652625311626 0.00403078142902364 0.396677676569417
8000 1.00195822496213 0.00390435017913474 0.391245704723543
8200 1.00398538818531 0.00396338994720846 0.389218541500369
8400 1.0019549150153 0.00378448578368501 0.391249014670373
8600 0.998398562255595 0.00383087397781267 0.394805367430082
8800 0.997775234944282 0.00371785056028099 0.395428694741395
9000 1.00556619150658 0.00376740822609296 0.387637738179095
9200 0.994281072558079 0.00373072942603942 0.398922857127598
9400 0.999774595256897 0.00365945048801007 0.39342933442878
9600 0.994351109256872 0.00356773699823382 0.398852820428805
9800 0.991681334138665 0.0035355635659875 0.401522595547012
10000 0.997699914703843 0.00355824051200282 0.395504014981834
