200 2.98 0.123280168721494 0.161592653589793
400 3.32 0.0751265598839718 0.178407346410207
600 3.21333333333333 0.064907911975637 0.0717406797435403
800 3.145 0.0579760187491345 0.0034073464102069
1000 3.024 0.0543270098569763 0.117592653589793
1200 3.09 0.0484071275743562 0.0515926535897933
1400 3.12857142857143 0.0441290844375278 0.0130212250183646
1600 3.115 0.0415088469485723 0.0265926535897929
1800 3.17777777777778 0.0380995735334315 0.0361851241879845
2000 3.102 0.0373202090026302 0.0395926535897932
2200 3.19636363636364 0.034170122845356 0.0547709827738432
2400 3.16 0.0332565782966318 0.018407346410207
2600 3.15692307692308 0.0319947651612599 0.0153304233332836
2800 3.14571428571429 0.030980055655155 0.00412163212449279
3000 3.19866666666667 0.0292301113136335 0.0570740130768734
3200 3.10875 0.0294250819747159 0.032842653589793
3400 3.11764705882353 0.0284442956749168 0.0239455947662637
3600 3.19888888888889 0.0266805455138444 0.0572962352990958
3800 3.11578947368421 0.026925891718682 0.0258031799055827
4000 3.147 0.0259055544237138 0.00540734641020668
4200 3.13238095238095 0.0254376613306446 0.00921170120884085
4400 3.09636363636364 0.0252171783839883 0.0452290172261569
4600 3.19304347826087 0.0236672919548 0.0514508246710763
4800 3.08083333333333 0.0242890549148666 0.0607593202564596
5000 3.1312 0.0233254648828271 0.0103926535897929
5200 3.17076923076923 0.0224863180977474 0.0291765771794377
5400 3.08518518518519 0.0228617953746168 0.0564074684046081
5600 3.17071428571429 0.0216688884167753 0.0291216321244927
5800 3.12344827586207 0.0217266083943428 0.0181443777277241
6000 3.178 0.0208659052044238 0.0364073464102068
6200 3.15032258064516 0.0207782375314307 0.00872992705536824
6400 3.128125 0.0206433024261767 0.0134676535897933
6600 3.13636363636364 0.0202584725483558 0.00522901722615687
6800 3.14058823529412 0.0199228603453296 0.00100441829567544
7000 3.16228571428571 0.0194535781444933 0.0206930606959213
7200 3.12222222222222 0.0195100304827436 0.0193704313675709
7400 3.16486486486486 0.018899055627069 0.0232722112750716
7600 3.14157894736842 0.0188372444170319 1.37062213720895E-05
7800 3.12205128205128 0.0187459428788283 0.0195413715385109
8000 3.138 0.0183880259951959 0.00359265358979322
8200 3.15560975609756 0.0180262887013091 0.014017102507768
8400 3.16190476190476 0.0177615734377249 0.0203121083149687
8600 3.13116279069767 0.0177857754142508 0.0104298628921189
8800 3.10681818181818 0.0177576920349666 0.0347744717716112
9000 3.17022222222222 0.0170963932213698 0.0286295686324292
9200 3.12130434782609 0.0172660654852804 0.0202883057637062
9400 3.10212765957447 0.0172136592905259 0.0394649940153249
9600 3.13625 0.0167982388012231 0.00534265358979313
9800 3.13224489795918 0.0166538023207713 0.00934775563060963
10000 3.1456 0.0163939032570038 0.00400734641020684
