200 3.2 0.113137084989848 0.0584073464102071
400 3.21 0.0796225470579785 0.0684073464102068
600 3.18 0.065924198895398 0.038407346410207
800 3.15 0.0578521823270307 0.0084073464102068
1000 3.148 0.0517889563517165 0.00640734641020702
1200 3.15 0.047236109069228 0.0084073464102068
1400 3.14857142857143 0.0437589474399187 0.00697877498163546
1600 3.155 0.0408195342330115 0.0134073464102067
1800 3.14888888888889 0.0385865140588699 0.00729623529909595
2000 3.15 0.0365889327529514 0.0084073464102068
2200 3.15090909090909 0.0348725488839705 0.00931643731929777
2400 3.15166666666667 0.0333770373216433 0.0100740130768737
2600 3.14923076923077 0.0321012139661011 0.00763811564097594
2800 3.15 0.0309232921921325 0.0084073464102068
3000 3.15066666666667 0.0298661805515995 0.00907401307687339
3200 3.15 0.0289260911635153 0.0084073464102068
3400 3.15058823529412 0.0280553377159099 0.00899558170432435
3600 3.15111111111111 0.0272587560340024 0.00951845752131808
3800 3.14947368421053 0.0265504001818759 0.00788103062073331
4000 3.151 0.0258611629668892 0.00940734641020669
4200 3.15142857142857 0.0252332558574232 0.00983591783877813
4400 3.14727272727273 0.0246970981422744 0.00568007368293433
4600 3.1495652173913 0.0241305318549113 0.00797256380151135
4800 3.14833333333333 0.0236349430379556 0.00674067974354031
5000 3.1472 0.0231686519245294 0.0056073464102071
5200 3.14538461538462 0.0227363402898745 0.00379196179482211
5400 3.14592592592593 0.0223061765748231 0.00433327233613268
5600 3.14714285714286 0.0218928529813226 0.00555020355306413
5800 3.14827586206897 0.0215016540846872 0.00668320847917236
6000 3.14733333333333 0.0211487833464962 0.00574067974354042
6200 3.14838709677419 0.0207954984116156 0.00679444318440048
6400 3.148125 0.0204702870963891 0.00653234641020672
6600 3.14848484848485 0.0201546391110603 0.00689219489505533
6800 3.14882352941176 0.019853153914021 0.00723087582197168
7000 3.148 0.0195743855951744 0.00640734641020702
7200 3.14722222222222 0.0193070265449004 0.00562956863242903
7400 3.14648648648649 0.0190503200523014 0.00489383289669343
7600 3.14684210526316 0.0187951322981425 0.00524945167336499
7800 3.14512820512821 0.0185661720017191 0.00353555153841212
8000 3.1455 0.0183297222769468 0.00390734641020707
8200 3.14487804878049 0.0181096061741551 0.00328539519069482
8400 3.14428571428571 0.0178972271198962 0.00269306069592101
8600 3.14558139534884 0.0176781407085286 0.00398874175904407
8800 3.145 0.0174804273663172 0.0034073464102069
9000 3.14488888888889 0.0172859269416828 0.00329623529909595
9200 3.14478260869565 0.0170977775660667 0.00318995510585918
9400 3.14510638297872 0.0169125767494017 0.00351372938893046
9600 3.14416666666667 0.0167421705547477 0.00257401307687344
9800 3.14489795918367 0.0165652964733723 0.00330530559388054
10000 3.1448 0.0163994907237999 0.00320734641020692
