0 4.98884166059478 100.457142090811
0.05 -1.11828115668346 100.205448511595
0.1 -7.17651539076309 99.5855411719929
0.15 -13.1638463032916 98.6024080067061
0.2 -19.0586823464945 97.2623417859738
0.25 -24.8399317991526 95.5729073133221
0.3 -30.4870769950611 93.542904166105
0.35 -35.9802458874887 91.1823251491015
0.4 -41.3002807048735 88.5023106460194
0.45 -46.4288034655301 85.5150990675483
0.5 -51.3482781324397 82.2339736075671
0.55 -56.042069203214 78.6732055311902
0.6 -60.4944965449832 74.847994229509
0.65 -64.6908862992263 70.7744042861029
0.7 -68.6176176973544 66.4692998096327
0.75 -72.262165644127 61.9502762950639
0.8 -75.6131389426589 57.2355902832678
0.85 -78.6603140517949 52.3440870949025
0.9 -81.394664283929 47.295126919568
0.95 -83.8083843688589 42.1085095452388
1 -85.8949103269216 36.8043980159162
1.05 -87.6489346123989 31.4032415072856
1.1 -89.0664165059299 25.9256977109309
1.15 -90.1445877523731 20.3925550173417
1.2 -90.8819534581422 14.8246547865672
1.25 -91.2782882794453 9.24281399292727
1.3 -91.3346279500164 3.66774852671263
1.35 -91.0532562137849 -1.88000256869374
1.4 -90.4376872444168 -7.38015165133846
1.45 -89.4926436497289 -12.8127355603887
1.5 -88.2240301745642 -18.1581869619182
1.55 -86.6389032307688 -23.3974037100166
1.6 -84.7454363973795 -28.5118159816164
1.65 -82.5528820479638 -33.4834509534267
1.7 -80.0715292752059 -38.2949948001342
1.75 -77.3126582952611 -42.9298518045453
1.8 -74.288491526062 -47.3722003825423
1.85 -71.0121415446211 -51.6070458385648
1.9 -67.4975561383967 -55.6202696807515
1.95 -63.759460674945 -59.3986753388375
2 -59.813298022341 -62.9300301423328
2.05 -55.6751662601919 -66.2031034313672
2.1 -51.3617544274692 -69.2077006878001
2.15 -46.8902765588309 -71.9346935897173
2.2 -42.2784042655794 -74.3760459082006
2.25 -37.5441981209019 -76.5248351812054
2.3 -32.7060381115491 -78.3752701154541
2.35 -27.7825534196362 -79.922703683389
2.4 -22.7925517987927 -81.1636418983686
2.45 -17.7549488084452 -82.0957482673749
2.5 -12.6886971686129 -82.7178439364662
2.55 -7.61271649522322 -83.0299035600064
2.6 -2.54582367264786 -83.0330469402666
2.65 2.4933358840789 -82.7295264992707
2.7 7.48635583003043 -82.1227106596992
2.75 12.4151351128298 -81.217063226206
2.8 17.2619425823074 -80.0181188726059
2.85 22.00947976059 -78.5324548539993
2.9 26.6409415542934 -76.7676590759673
2.95 31.1400746996916 -74.7322946654573
3 35.4912337416396 -72.4358611998366
3.05 39.6794343575935 -69.8887527617885
3.1 43.6904038492625 -67.1022129982158
3.15 47.5106286361823 -64.0882873710773
3.2 51.1273985977933 -60.8597727970752
3.25 54.5288481233605 -57.4301648813101
3.3 57.703993742271 -53.8136029574036
3.35 60.6427682207984 -50.024813153132
3.4 63.3360510253154 -46.0790497062992
3.45 65.7756950660817 -41.9920347603942
3.5 67.9545496501034 -37.7798968735086
3.55 69.8664795860814 -33.4591084770311
3.6 71.5063803990969 -29.046422522781
3.65 72.8701896273565 -24.5588085584896
3.69999999999999 73.9548941879924 -20.0133884718944
3.74999999999999 74.7585338135269 -15.4273721431686
3.79999999999999 75.2802005751066 -10.8179932439959
3.84999999999999 75.5200345229475 -6.20244541930757
3.89999999999999 75.479215488548 -1.59781908455975
3.94999999999999 75.1599511070738 2.97896093255482
3.99999999999999 74.5654611318504 7.51119668185857
4.04999999999999 73.6999581260642 11.9824770933943
4.09999999999999 72.5686246295306 16.3767364809255
4.14999999999999 71.1775869106831 20.6783113411666
4.19999999999999 69.5338854257477 24.8719952514751
4.24999999999999 67.6454421183261 28.9430916772033
4.29999999999999 65.5210247033098 32.8774645090133
4.34999999999999 63.170208089124 36.6615861601578
4.39999999999999 60.6033331017419 40.2825830639867
4.44999999999999 57.8314626826793 43.7282784227102
4.49999999999999 54.8663357412391 46.9872320696938
4.54999999999999 51.720318848625 50.0487773192278
4.59999999999999 48.406355968132 52.9030546897647
4.64999999999999 44.9379164214547 55.5410423989977
4.69999999999999 41.3289412962007 57.9545835418218
4.74999999999999 37.593788503951 60.1364098751209
4.79999999999999 33.7471767016566 62.080162146411
4.84999999999999 29.8041282918005 63.780406916596
4.89999999999999 25.779911718578 65.2326498404055
4.94999999999999 21.689983278353 66.4333453814292
4.99999999999999 17.5499286628456 67.3799029520033
5.04999999999999 13.3754044528893 68.070689481474
5.09999999999999 9.18207977918442 68.5050284295326
5.14999999999999 4.9855783642699 68.6831952743166
5.19999999999999 0.80142115695861 68.6064095177782
5.24999999999999 -3.35503023325511 68.2768232633675
5.29999999999999 -7.46862909878211 67.6975064333353
5.34999999999999 -11.5244979956781 66.8724287048749
5.39999999999999 -15.5080817125786 65.8064382558612
5.44999999999999 -19.4051986614244 64.5052374220606
5.49999999999999 -23.2020905117564 62.9753553783458
5.54999999999999 -26.8854698981555 61.2241179666136
5.59999999999999 -30.4425660387641 59.2596148027446
5.64999999999999 -33.8611681117302 57.0906638040178
5.69999999999999 -37.1296662458185 54.7267732868882
5.74999999999999 -40.2370899912932 52.1781017929055
5.79999999999999 -43.1731441474693 49.4554158077865
5.84999999999999 -45.9282418339926 46.5700455452278
5.89999999999999 -48.4935347039176 43.5338389729289
5.94999999999999 -50.8609402079533 40.3591142634938
5.99999999999999 -53.0231658308029 37.0586108573513
6.04999999999999 -54.9737302322835 33.6454393285922
6.09999999999999 -56.7069812378365 30.1330302476412
6.14999999999999 -58.2181106350802 26.5350822369662
6.19999999999999 -59.5031657451699 22.8655094175694
6.24999999999999 -60.5590577498693 19.1383884448048
6.29999999999999 -61.3835667673588 15.367905332128
6.34999999999999 -61.9753436818638 11.568302260713
6.39999999999999 -62.3339087441377 7.75382457147184
6.44999999999999 -62.4596469716338 3.93866813389697
6.49999999999998 -62.3538003888083 0.136927283333042
6.54999999999998 -62.0184571593701 -3.63745648522134
6.59999999999998 -61.4565376733893 -7.37074488285243
6.64999999999998 -60.6717776629639 -11.0494520729034
6.69999999999998 -59.6687084305744 -14.6603926239177
6.74999999999998 -58.4526342843061 -18.1907280017427
6.79999999999998 -57.0296072837389 -21.628011439805
6.84999999999998 -55.4063994094798 -24.9602310337371
6.89999999999998 -53.5904722779972 -28.1758509142208
6.94999999999998 -51.5899445315904 -31.2638503600814
6.99999999999998 -49.4135570409621 -34.2137607222841
7.04999999999998 -47.0706360649314 -37.0157000385146
7.09999999999998 -44.5710545183112 -39.6604052274404
7.14999999999998 -41.9251915048521 -42.1392617614955
7.19999999999998 -39.1438902774134 -44.4443307270882
7.24999999999998 -36.23841479214 -46.5683731914459
7.29999999999998 -33.2204050273957 -48.5048718058497
7.34999999999998 -30.1018312415129 -50.2480495857317
7.39999999999998 -26.8949473460617 -51.7928858189728
7.44999999999998 -23.6122435733135 -53.135129064696
7.49999999999998 -20.2663986178703 -54.2713072158775
7.54999999999998 -16.8702314330546 -55.1987346101307
7.59999999999998 -13.4366528626065 -55.915516184039
7.64999999999998 -9.978617287518 -56.4205486773615
7.69999999999998 -6.50907446646191 -56.7135189042872
7.74999999999998 -3.04092174625021 -56.7948991196158
7.79999999999998 0.413043183903455 -56.6659395182704
7.84999999999998 3.84016882382534 -56.3286579168504
7.89999999999998 7.2279955129206 -55.7858266759831
7.94999999999998 10.5643000376791 -55.0409569319917
7.99999999999998 13.8371390390569 -54.0982802158329
8.04999999999998 17.0348910682255 -52.9627275463326
8.09999999999998 20.1462971452838 -51.6399060934396
8.14999999999998 23.1604996821204 -50.1360735154896
8.19999999999998 26.0670796376736 -48.4581100822981
8.24999999999998 28.8560917813301 -46.613488703259
8.29999999999998 31.5180979480995 -44.6102429864902
8.34999999999998 34.0441981774713 -42.4569334614134
8.39999999999998 36.4260596364697 -40.1626121029669
8.44999999999999 38.6559432363328 -37.7367853009138
8.49999999999999 40.7267278614239 -35.189375422391
8.54999999999999 42.6319321383971 -32.5306811199642
8.59999999999999 44.365733683253 -29.7713365409586
8.64999999999999 45.9229857736862 -26.9222695967647
8.69999999999999 47.2992314040272 -23.994659453113
8.74999999999999 48.4907146900542 -20.9998934040216
8.79999999999999 49.4943896009805 -17.9495232931927
8.84999999999999 50.3079260059587 -14.855221647115
8.89999999999999 50.9297130324553 -11.7287376839814
8.94999999999999 51.3588597437917 -8.58185336179392
8.99999999999999 51.5951931530002 -5.42633962768089
9.04999999999999 51.6392535998488 -2.27391302852426
9.09999999999999 51.4922875274354 0.86380715951513
9.15 51.1562377040838 3.97534112805663
9.2 50.6337309453765 7.0493899092439
9.25 49.9280633999869 10.0748757774282
9.3 49.0431834715069 13.0409815377017
9.35 47.9836724566631 15.9371885643497
9.4 46.7547229881629 18.7533134579042
9.45 45.3621153778693 21.4795431955519
9.5 43.8121919630585 24.1064686561258
9.55 42.1118295651341 26.6251164077875
9.6 40.2684101763416 29.0269786537389
9.65 38.2897899957241 31.3040412388753
9.7 36.184266940768 33.4488096281618
9.75 33.9605467658882 35.4543327756605
9.8 31.6277079230899 37.3142248115187
9.85 29.1951653037928 39.0226844828218
9.90000000000001 26.6726330039201 40.5745122929758
9.95000000000001 24.0700862569188 41.9651252931923
10 21.3977226813908 43.1905694886589
10.05 18.6659229914707 44.2475298310592
10.1 15.8852113189827 45.1333377782321
10.15 13.0662152967551 45.8459764108803
10.2 10.2196260522512 46.3840831053384
10.25 7.35615825992091 46.7469497704404
10.3 4.48651039936601 46.9345206654647
10.35 1.62132536458023 46.9473878249428
10.4 -1.22884843284183 46.7867841247681
10.45 -4.0535953264988 46.4545740324971
10.5 -6.84266988732436 45.9532420929752
10.55 -9.58603351226393 45.285879208407
10.6 -12.2738899809884 44.4561667797041
10.65 -14.896719856895 43.4683587833494
10.7 -17.4453136138236 42.3272618651
10.75 -19.9108033754921 41.0382135385756
10.8 -22.2846931606016 39.6070585831359
10.85 -24.5588875328707 38.0401237414047
10.9 -26.7257185618837 36.344190822347
10.95 -28.7779710075664 34.5264683209121
11 -30.7089056483015 32.5945616699265
11.05 -32.51228068014 30.5564422441171
11.1 -34.1823711222161 28.420415239881
11.15 -35.7139861713153 26.1950865576599
11.2 -37.102484456535 23.8893288165334
11.25 -38.3437871530933 21.5122466328967
11.3 -39.4343889225456 19.0731412968462
11.35 -40.3713666549382 16.5814749811317
11.4 -41.1523859967233 14.0468346182831
11.45 -41.7757056565547 11.4788955817395
11.5 -42.2401794893511 8.88738530654729
11.55 -42.5452563672107 6.28204698441607
11.6 -42.6909778538766 3.67260346666181
11.65 -42.6779737074362 1.06872150682155
11.7 -42.5074552437825 -1.52002352750031
11.75 -42.181206601022 -4.08418234667156
11.8 -41.7015739524751 -6.61446571121125
11.85 -41.0714527231397 -9.10177756392265
11.9 -40.2942728714597 -11.5372472057821
11.95 -39.3739823049321 -13.9122604037644
12 -38.3150285044765 -16.2184893235535
12.05 -37.1223384385548 -18.4479211852079
12.1 -35.8012968537541 -20.5928855453149
12.15 -34.3577230339028 -22.646080114949
12.2 -32.7978461247733 -24.6005950288173
12.25 -31.1282791260107 -26.4499354873185
12.3 -29.3559916561004 -28.1880426998248
12.35 -27.4882815999494 -29.8093130642886
12.4 -25.5327457519725 -31.308615525276
12.45 -23.4972495704623 -32.6813070596702
12.5 -21.3898961614542 -33.9232462465774
12.55 -19.2189946122726 -35.0308048853671
12.6 -16.9930277964715 -36.0008776332409
12.65 -14.72061977294 -36.8308896412573
12.7 -12.4105029025387 -37.5188021752801
12.75 -10.0714848057795 -38.0631162158605
12.8 -7.71241528473711 -38.462874038571
12.85 -5.34215333160978 -38.7176587837574
12.9 -2.96953434513651 -38.8275920320306
12.95 -0.603337674410831 -38.7933294090708
13 1.74774539244267 -38.6160542504156
13.0500000000001 4.07514307977378 -38.2974693638491
13.1000000000001 6.37043390404779 -37.8397869337535
13.1500000000001 8.62537667287467 -37.2457166183256
13.2000000000001 10.8319395983624 -36.5184518968584
13.2500000000001 12.9823284237712 -35.6616547303339
13.3000000000001 15.0690134668256 -34.6794386043346
13.3500000000001 17.0847554877563 -33.5763500287557
13.4000000000001 19.0226302951515 -32.3573485739454
13.4500000000001 20.8760520080032 -31.0277855277293
13.5000000000001 22.6387948978851 -29.5933812622459
13.5500000000001 24.3050137410107 -28.0602014036293
13.6000000000001 25.8692626159271 -26.4346319013245
13.6500000000001 27.3265120888219 -24.7233530971631
13.7000000000001 28.6721647347905 -22.9333128972949
13.7500000000001 29.9020689499421 -21.071699152629
13.8000000000001 31.0125310158611 -19.1459113555804
13.8500000000001 32.0003253846809 -17.163531762657
13.9000000000001 32.8627031598244 -15.1322960537437
13.9500000000001 33.597398754319 -13.060063639827
14.0000000000001 34.2026347154525 -10.9547877313982
14.0500000000001 34.6771247113905 -8.82448527981892
14.1000000000001 35.0200746821972 -6.67720690359129
14.1500000000001 35.2311821644624 -4.52100691070518
14.2000000000001 35.3106338054133 -2.36391352706335
14.2500000000001 35.2591010889612 -0.213899439421605
14.3000000000001 35.0777343025715 1.9211472406736
14.3500000000001 34.7681547801308 4.03345148781015
14.4000000000001 34.3324454620911 6.11537924705341
14.4500000000001 33.7731398200885 8.15946459332056
14.5000000000001 33.0932091989207 10.1584360708059
14.5500000000001 32.2960486342318 12.1052421211882
14.6000000000001 31.3854612094483 13.9930755133971
14.6500000000001 30.3656410204439 15.8153966920358
14.7000000000001 29.2411548210473 17.5659559661571
14.7500000000001 28.0169224268444 19.2388144649519
14.8000000000001 26.6981959587443 20.8283637919974
14.8500000000001 25.2905380114646 22.3293443150173
14.9000000000001 23.7997988354417 23.7368620336143
14.9500000000001 22.23209262366 25.0464039731027
15.0000000000001 20.593772997536 26.2538520583914
15.0500000000001 18.8914077882556 27.3554954278263
15.1000000000001 17.1317532118633 28.3480411529438
15.1500000000001 15.3217275379133 29.2286233362363
15.2000000000001 13.4683843526413 29.9948105652161
15.2500000000001 11.5788855183635 30.6446117072965
15.3000000000001 9.66047393119203 31.1764800362502
15.3500000000001 7.72044617914925 31.589315687235
15.4000000000001 5.7661252023864 31.8824664435672
15.4500000000001 3.8048330564548 32.0557268645675
15.5000000000001 1.8438638784611 32.1093357698548
15.5500000000001 -0.109542845546149 32.0439721014266
15.6000000000001 -2.04822861544083 31.860749190695
15.6500000000001 -3.96514175979667 31.5612074633405
15.7000000000001 -5.85336269474562 31.1473056203743
15.7500000000001 -7.70612850991754 30.6214103391437
15.8000000000001 -9.51685679559521 29.9862845431637
15.8500000000001 -11.279168628653 29.2450742945821
15.9000000000001 -12.9869106385583 28.4012943677795
15.9500000000001 -14.6341760786868 27.4588125670464
16.0000000000001 -16.2153248324261 26.4218328554563
16.0500000000001 -17.725002287991 25.2948773659544
16.1000000000001 -19.15815702054 24.0827673692843
16.1500000000001 -20.5100572250295 22.7906032766852
16.2000000000001 -21.7763058482794 21.423743758284
16.2500000000001 -22.9528543738983 19.9877840607774
16.3000000000001 -24.0360152190343 18.488533610346
16.3500000000001 -25.0224727073451 16.9319929887526
16.4000000000001 -25.9092925880969 15.3243303722419
16.4500000000001 -26.6939300768957 13.6718575241958
16.5000000000001 -27.3742363991907 11.9810054334673
16.5500000000001 -27.9484638233568 10.2582996909614
16.6000000000001 -28.4152691758399 8.5103356973161
16.6500000000001 -28.7737158365086 6.74375379447567
16.7000000000001 -29.0232742179815 4.96521441355592
16.7500000000001 -29.16382073827 3.18137333066143
16.8000000000001 -29.1956353015751 1.39885712124085
16.8500000000001 -29.119397307473 -0.375761097826132
16.9000000000001 -28.9361802140152 -2.13598555093254
16.9500000000001 -28.6474446854169 -3.87542122579481
17.0000000000001 -28.2550303600166 -5.58779675172279
17.0500000000001 -27.7611462790155 -7.26698665361023
17.1000000000001 -27.1683600211622 -8.90703290403493
17.1500000000001 -26.4795855929898 -10.5021656990192
17.2000000000001 -25.6980701284481 -12.0468233864192
17.2500000000001 -24.8273794557754 -13.5356714795556
17.3000000000001 -23.8713825932123 -14.963620692572
17.3500000000001 -22.8342352386667 -16.3258439380891
17.4000000000001 -21.7203623216742 -17.6177922319839
17.4500000000001 -20.5344396889629 -18.8352094545704
17.5000000000001 -19.2813749976075 -19.9741459220493
17.5500000000001 -17.9662878921418 -21.0309707268249
17.6000000000001 -16.5944895440822 -22.0023828101421
17.6500000000001 -15.1714616340973 -22.8854207354424
17.7000000000001 -13.7028348585255 -23.6774711358662
17.7500000000001 -12.1943670431036 -24.3762758144248
17.8000000000001 -10.6519209476093 -24.979937480494
17.8500000000001 -9.08144184565212 -25.4869241114391
17.9000000000001 -7.48893496405661 -25.8960719333402
17.9500000000001 -5.88044286618509 -26.2065870199308
18.0000000000001 -4.26202286313188 -26.4180455139712
18.0500000000001 -2.63972453600734 -26.5303924803364
18.1000000000001 -1.01956745150617 -26.5439394050807
18.1500000000001 0.592480848359261 -26.4593603596398
18.2000000000001 2.19052650308742 -26.277686854118
18.2500000000001 3.76877055968795 -26.0003014082762
18.3000000000001 5.32152969262473 -25.62892987336
18.3500000000001 6.84325634489247 -25.1656325422777
18.4000000000001 8.32855822008685 -24.612794089841
18.4500000000001 9.77221705824195 -23.9731123887899
18.5000000000001 11.169206631344 -23.2495862511473
18.5500000000001 12.5147098977843 -22.4455021480471
18.6000000000001 13.8041352585629 -21.5644199645684
18.6500000000001 15.0331318617928 -20.6101578492553
18.7000000000001 16.197603905959 -19.5867762209069
18.7500000000001 17.2937238964513 -18.4985609978775
18.8000000000001 18.3179448140827 -17.3500061175201
18.8500000000001 19.2670111586307 -16.1457954155288
18.9000000000001 20.1379688348628 -14.890783936794
18.9500000000001 20.9281738530204 -13.5899787509539
19.0000000000001 21.635299820318 -12.24851934712
19.0500000000001 22.2573442046534 -10.8716576832656
19.1000000000001 22.7926333563953 -9.46473796648266
19.1500000000001 23.2398262788038 -8.03317624075224
19.2000000000001 23.5979171423327 -6.58243985902351
19.2500000000001 23.8662365427317 -5.11802691625498
19.3000000000001 24.0444515075123 -3.64544571965999
19.3500000000001 24.1325642599229 -2.17019437170142
19.4000000000001 24.1309097541077 -0.697740540405166
19.4500000000001 24.0401519995548 0.766498509667309
19.5000000000001 23.8612791972822 2.21717555395636
19.5500000000001 23.5955977144327 3.64903264186888
19.6000000000001 23.2447249280414 5.05691986008837
19.6500000000001 22.8105809726927 6.43581355938989
19.7000000000001 22.2953794305754 7.78083398157871
19.7500000000001 21.7016170060691 9.08726222585143
19.8000000000001 21.0320622304349 10.350556496768
19.8500000000001 20.2897432454342 11.5663675790914
19.9000000000001 19.4779347177388 12.7305534880164
19.9500000000001 18.600143938829 13.8391932467264
20.0000000000001 17.6600961676834 14.8885997467921
20.0500000000001 16.6617192759358 15.8753316506428
20.1000000000002 15.6091277573212 16.7962042991748
20.1500000000002 14.5066061651194 17.6482995915034
20.2000000000002 13.3585920429561 18.4289748079107
20.2500000000002 12.16965841571 19.1358703511473
20.3000000000002 10.9444959084114 19.7669163854278
20.3500000000002 9.68789456189336 20.3203383566823
20.4000000000002 8.40472541457288 20.7946613818749
20.4500000000002 7.09992192009407 21.1887134994692
20.5000000000002 5.77846127066156 21.5016277773839
20.5500000000002 4.44534569572746 21.7328432790248
20.6000000000002 3.10558380527734 21.8821048921983
20.6500000000002 1.76417204628603 21.9494620298689
20.7000000000002 0.426076339996832 21.9352662158292
20.7500000000002 -0.903786033488469 21.8401675723691
20.8000000000002 -2.22056423822188 21.6651102309641
20.8500000000002 -3.51949130956528 21.4113266908235
20.9000000000002 -4.79590114388784 21.0803311538428
20.9500000000002 -6.04524499126697 20.6739118680769
21.0000000000002 -7.26310739392905 20.1941225152763
21.0500000000002 -8.44522151562996 19.6432726812974
21.1000000000002 -9.58748380982897 19.0239174513016
21.1500000000002 -10.6859679773316 18.3388461745829
21.2000000000002 -11.7369381670645 17.5910704466002
21.2500000000002 -12.7368613767776 16.7838113583344
21.3000000000002 -13.682419013742 15.9204860654281
21.3500000000002 -14.5705175789072 15.0046937316933
21.4000000000002 -15.3982984414838 14.0402009034827
21.4500000000002 -16.1631466745212 13.0309263731071
21.5000000000002 -16.8626989257324 11.9809255909468
21.5500000000002 -17.4948503015697 10.8943746871252
21.6000000000002 -18.0577602463593 9.77555416461776
21.6500000000002 -18.5498574021501 8.62883232642596
21.7000000000002 -18.969843438798 7.45864849996546
21.7500000000002 -19.3166958476887 6.26949612210945
21.8000000000002 -19.5896696963781 5.06590574837588
21.8500000000002 -19.7882983452844 3.85242804955845
21.9000000000002 -19.9123931313932 2.63361685869072
21.9500000000002 -19.9620420277144 1.4140123305786
22.0000000000002 -19.9376072909472 0.198124275269385
22.0500000000002 -19.8397221134573 -1.00958427426676
22.1000000000002 -19.6692862992262 -2.20471320127737
22.1500000000002 -19.4274609868958 -3.38294109373601
22.2000000000002 -19.1156624463796 -4.54004062647975
22.2500000000002 -18.7355549787387 -5.67189348315131
22.3000000000002 -18.2890429521161 -6.77450476620798
22.3500000000002 -17.778262009473 -7.84401684553631
22.4000000000002 -17.2055694866643 -8.87672259864291
22.4500000000002 -16.5735340820306 -9.86907799798322
22.5000000000002 -15.8849248211378 -10.8177140037305
22.5500000000002 -15.1426993625875 -11.7194477231542
22.6000000000002 -14.3499916929114 -12.5712928007701
22.6500000000002 -13.5100992604713 -13.3704690065314
22.7000000000002 -12.6264695999889 -14.1144109925274
22.7500000000002 -11.7026865008367 -14.8007761919454
22.8000000000002 -10.7424557735113 -15.4274518374123
22.8500000000002 -9.74959066980139 -15.9925610792502
22.9000000000002 -8.72799701302854 -16.4944681876478
22.9500000000002 -7.68165809540249 -16.9317828262519
23.0000000000002 -6.61461939996994 -17.3033633881987
23.0500000000002 -5.53097320486523 -17.6083193891403
23.1000000000002 -4.4348431275809 -17.8460129153366
23.1500000000002 -3.33036866677692 -18.0160591283927
23.2000000000002 -2.22168979873268 -18.1183258316902
23.2500000000002 -1.11293168492732 -18.1529321069907
23.3000000000002 -0.00818954640770464 -18.1202460330621
23.3500000000002 1.08848624041811 -18.0208815014784
23.4000000000002 2.17310477314419 -17.8556941479719
23.4500000000002 3.24174892587553 -17.625776420843
23.5000000000002 4.29058927445741 -17.332451810965
23.5500000000002 5.31589759576564 -16.9772682708386
23.6000000000002 6.31405989432585 -16.5619908529404
23.6500000000002 7.28158891161953 -16.0885936002758
23.7000000000002 8.21513607567034 -15.559250724564
23.7500000000002 9.11150285088385 -14.9763271098549
23.8000000000002 9.9676514506208 -14.342368181593
23.8500000000002 10.7807148776135 -13.6600891831904
23.9000000000002 11.5480062600716 -12.9323639040548
23.9500000000002 12.2670274541612 -12.1622129047194
24.0000000000002 12.9354768864653 -11.3527912862442
24.0500000000002 13.5512566130333 -10.5073760523973
24.1000000000002 14.112478574692 -9.62935311427233
24.1500000000002 14.6174700314081 -8.72220398795293
24.2000000000002 15.0647781616494 -7.78949223660082
24.2500000000002 15.4531738158794 -6.83484970891007
24.3000000000002 15.7816544165228 -5.86196262623947
24.3500000000002 16.0494459999474 -4.8745575709149
24.4000000000002 16.2560043992104 -3.87638742816875
24.4500000000002 16.4010155694975 -2.87121733397353
24.5000000000002 16.4843950613368 -1.86281068062213
24.5500000000002 16.5062866497782 -0.854915231310768
24.6000000000002 16.4670601307879 0.148750605794305
24.6500000000002 16.3673082990975 1.14451129448437
24.7000000000002 16.2078431246694 2.12874743004663
24.7500000000002 15.9896911477701 3.09790869432904
24.8000000000002 15.7140881153865 4.04852646072284
24.8500000000002 15.3824728843515 4.97722600507721
24.9000000000002 14.9964806190685 5.88073828033831
24.9500000000002 14.557935314127 6.75591121462846
25.0000000000002 14.0688416743702 7.59972049453329
25.0500000000002 13.5313763871104 8.40927979754625
25.1000000000002 12.947878823179 9.18185043992098
25.1500000000002 12.3208412053391 9.91485040858555
25.2000000000002 11.6528982842705 10.6058627482775
25.2500000000002 10.9468165638646 11.2526432776522
25.3000000000002 10.2054831189217 11.8531276107869
25.3500000000002 9.4318940495352 12.4054374632408
25.4000000000002 8.62914261746275 12.9078862246256
25.4500000000002 7.80040711062772 13.3589837824835
25.5000000000002 6.94893848255924 13.7574405851456
25.5500000000002 6.07804781406914 14.1021709341424
25.6000000000002 5.19109364477101 14.3922954996561
25.6500000000002 4.2914692221805 14.6271430554181
25.7000000000002 3.38258971609114 14.8062514323656
25.7500000000002 2.46787944569539 14.9293676932616
25.8000000000002 1.55075916652879 14.9964475333428
25.8500000000002 0.63463346374889 15.0076539148805
25.9000000000002 -0.277121702475588 14.9633549463123
25.9500000000002 -1.18117125458436 14.8641210193143
26.0000000000002 -2.07423301443008 14.7107212198226
26.0500000000002 -2.9530894366543 14.5041190315824
26.1000000000002 -3.8145990173835 14.2454673532743
26.1500000000002 -4.65570733848842 13.9361028526508
26.2000000000002 -5.47345770929384 13.5775396833936
26.2500000000002 -6.26500136938902 13.1714625925634
26.3000000000002 -7.0276072180762 12.7197194485644
26.3500000000002 -7.75867103799464 12.2243132214652
26.4000000000002 -8.45572418256643 11.6873934493042
26.4500000000002 -9.1164416991098 11.1112472256637
26.5000000000002 -9.73864986175711 10.4982897453033
26.5500000000002 -10.3203330906841 9.85105444600701
26.6000000000002 -10.859640236597 9.17218278600767
26.6500000000002 -11.3548902119179 8.46441369741449
26.7000000000002 -11.8045769526627 7.73057275696488
26.7500000000002 -12.2073736975927 6.97356111616365
26.8000000000002 -12.5621365738396 6.19634423345654
26.8500000000002 -12.8679074808444 5.40194045149992
26.9000000000002 -13.1239162671059 4.59340946284417
26.9500000000002 -13.3295821968785 3.77384070744794
27.0000000000002 -13.4845147066094 2.9463417453695
27.0500000000002 -13.5885134535276 2.11402664775473
27.1000000000003 -13.6415676613906 1.28000444886324
27.1500000000003 -13.6438547709583 0.447367701330186
27.2000000000003 -13.5957384052728 -0.38081882382919
27.2500000000003 -13.4977656622795 -1.20152925179879
27.3000000000003 -13.3506637497184 -2.0117874934392
27.3500000000003 -13.1553359795333 -2.80867787110022
27.4000000000003 -12.912857141285 -3.58935544345622
27.4500000000003 -12.6244682762073 -4.35105599344227
27.5000000000003 -12.2915708755954 -5.09110564487658
27.5500000000003 -11.9157205291734 -5.80693007497263
27.6000000000003 -11.4986200509268 -6.49606329168409
27.6500000000003 -11.0421121116177 -7.15615594665496
27.7000000000003 -10.548171408804 -7.78498315648136
27.7500000000003 -10.0188964066705 -8.38045180700159
27.8000000000003 -9.45650067932844 -8.94060731743008
27.8500000000003 -8.86330389245837 -9.46363984331536
27.9000000000003 -8.24172245925262 -9.94788989952474
27.9500000000003 -7.59425990755226 -10.391853386742
28.0000000000003 -6.92349699586709 -10.794186007288
28.0500000000003 -6.23208161662352 -11.1537070584297
28.1000000000003 -5.5227185254857 -11.469402593733
28.1500000000003 -4.79815893595276 -11.7404279454164
28.2000000000003 -4.06119001864939 -11.9661096030718
28.2500000000003 -3.31462434478609 -12.1459464465332
28.3000000000003 -2.56128931318194 -12.2796103330736
28.3500000000003 -1.80401660001931 -12.3669460414923
28.4000000000003 -1.04563167012452 -12.4079705780138
28.4500000000003 -0.288943388056662 -12.4028718512383
28.5000000000003 0.46326623335727 -12.3520067256619
28.5500000000003 1.20825211019255 -12.2558984655077
28.6000000000003 1.94331595436246 -12.115233582779
28.6500000000003 2.66581589542464 -11.9308581055376
28.7000000000003 3.37317582351801 -11.7037732844405
28.7500000000003 4.06289442097221 -11.4351307575063
28.8000000000003 4.73255385151899 -11.1262271949389
28.8500000000003 5.37982807752283 -10.7784984475949
28.9000000000003 6.00249077724298 -10.393513224344
28.9500000000003 6.59842283582121 -9.97296632512209
29.0000000000003 7.16561938545244 -9.51867145792627
29.0500000000003 7.70219637204437 -9.03255366932611
29.1000000000003 8.20639662758703 -8.51664141927779
29.1500000000003 8.67659542942704 -7.97305833211694
29.2000000000003 9.11130552967811 -7.40401465656633
29.2500000000003 9.50918164007837 -6.81179846842805
29.3000000000003 9.8690243597209 -6.19876665033654
29.3500000000003 10.1897835352367 -5.56733568351726
29.4000000000003 10.4705610451814 -4.91997228693338
29.4500000000003 10.7106130025603 -4.25918393951113
29.5000000000003 10.9093513716254 -3.58750932130017
29.5500000000003 11.0663449972638 -2.90750870946527
29.6000000000003 11.1813200474827 -2.22175436490575
29.6500000000003 11.2541598716572 -1.53282094507627
29.7000000000003 11.2849042793472 -0.843275978221153
29.7500000000003 11.2737482465922 -0.1556704337492
29.8000000000003 11.2210400586589 0.527470577129063
29.8500000000003 11.1272789002294 1.20365693711542
29.9000000000003 10.9931119059807 1.87044246235183
29.9500000000003 10.8193306863997 2.5254336141835
