0 116.065194328293
0.05 113.933087373313
0.1 111.405556370862
0.15 108.49518824581
0.2 105.215851900185
0.25 101.582636796423
0.3 97.6117876368445
0.35 93.3206354102291
0.4 88.7275250872195
0.45 83.8517402560435
0.5 78.7134249986264
0.55 73.3335033146153
0.6 67.7335964070861
0.65 61.9359381487712
0.7 55.9632890515031
0.75 49.8388490642278
0.8 43.5861695263906
0.85 37.2290646037505
0.9 30.79152253274
0.95 24.2976169973734
1 17.7714189594317
1.05 11.2369092582455
1.1 4.71789229087339
1.15 -1.76208892312682
1.2 -8.17983599578619
1.25 -14.5125764557865
1.3 -20.7380427862415
1.35 -26.8345489475013
1.4 -32.7810641287286
1.45 -38.557283484262
1.5 -44.143695623841
1.55 -49.5216466395432
1.6 -54.6734004667348
1.65 -59.5821953913951
1.7 -64.2322965317922
1.75 -68.6090441385854
1.8 -72.6988975739642
1.85 -76.4894748473261
1.9 -79.96958760219
1.95 -83.1292714664697
2 -85.9598116958298
2.05 -88.4537640575458
2.1 -90.6049709200301
2.15 -92.4085725308984
2.2 -93.8610134840733
2.25 -94.9600443938897
2.3 -95.7047188114216
2.35 -96.0953854352242
2.4 -96.1336756853267
2.45 -95.8224867255588
2.5 -95.1659600350909
2.55 -94.1694556453644
2.6 -92.839522173331
2.65 -91.1838627960575
2.7 -89.2112973252449
2.75 -86.9317205530093
2.8 -84.3560570523363
2.85 -81.4962126269194
2.9 -78.365022615582
2.95 -74.9761972661387
3 -71.3442644023456
3.05 -67.4845096154916
3.1 -63.4129142191785
3.15 -59.146091211906
3.2 -54.7012194972062
3.25 -50.095976615248
3.3 -45.3484702430497
3.35 -40.4771687226961
3.4 -35.5008308782509
3.45 -30.4384353823912
3.5 -25.3091099331795
3.55 -20.1320604998324
3.6 -14.9265008938652
3.65 -9.71158291859939
3.69999999999999 -4.506327345742
3.74999999999999 0.670444037403172
3.79999999999999 5.80017507251896
3.84999999999999 10.8646403358774
3.89999999999999 15.8460084817631
3.94999999999999 20.7269036088451
3.99999999999999 25.4904644436532
4.04999999999999 30.1204011450187
4.09999999999999 34.6010495436709
4.14999999999999 38.9174226420928
4.19999999999999 43.0552592112028
4.24999999999999 47.0010693323763
4.29999999999999 50.7421767457235
4.34999999999999 54.2667578783375
4.39999999999999 57.5638774393703
4.44999999999999 60.623520482243
4.49999999999999 63.4366208479809
4.54999999999999 65.9950859175534
4.59999999999999 68.2918176151232
4.64999999999999 70.320729618226
4.69999999999999 72.0767607450582
4.74999999999999 73.5558845031907
4.79999999999999 74.7551147981033
4.84999999999999 75.6725078138961
4.89999999999999 76.3071600923283
4.94999999999999 76.6592028499198
4.99999999999999 76.7297925861682
5.04999999999999 76.52109804895
5.09999999999999 76.0362836358337
5.14999999999999 75.279489322301
5.19999999999999 74.2558072196983
5.24999999999999 72.9712548771007
5.29999999999999 71.4327454521077
5.34999999999999 69.6480548858868
5.39999999999999 67.6257862274959
5.44999999999999 65.3753312616174
5.49999999999999 62.9068296023051
5.54999999999999 60.2311254231447
5.59999999999999 57.3597220013464
5.64999999999999 54.3047342596982
5.69999999999999 51.0788394959942
5.74999999999999 47.6952264945014
5.79999999999999 44.1675432182305
5.84999999999999 40.5098432842146
5.89999999999999 36.7365314266804
5.94999999999999 32.8623081549046
5.99999999999999 28.9021138136936
6.04999999999999 24.8710722548007
6.09999999999999 20.7844343272136
6.14999999999999 16.6575213931108
6.19999999999999 12.5056690744134
6.24999999999999 8.34417143224965
6.29999999999999 4.18822577833972
6.34999999999999 0.052878313296039
6.39999999999999 -4.04702921785015
6.44999999999999 -8.09691166791653
6.49999999999998 -12.0824912486162
6.54999999999998 -15.9898467379223
6.59999999999998 -19.8054609684227
6.64999999999998 -23.5162664390022
6.69999999999998 -27.1096889003648
6.74999999999998 -30.5736887735548
6.79999999999998 -33.8968002697213
6.84999999999998 -37.0681680888533
6.89999999999998 -40.0775815850577
6.94999999999998 -42.9155062961273
6.99999999999998 -45.5731127455928
7.04999999999998 -48.0423024361579
7.09999999999998 -50.3157309643078
7.14999999999998 -52.3868281969487
7.19999999999998 -54.2498154621131
7.24999999999998 -55.8997197170218
7.29999999999998 -57.3323846680929
7.34999999999998 -58.5444788287717
7.39999999999998 -59.5335005123026
7.44999999999998 -60.2977797677189
7.49999999999998 -60.8364772783588
7.54999999999998 -61.1495802530784
7.59999999999998 -61.2378953509989
7.64999999999998 -61.1030386910436
7.69999999999998 -60.7474230076681
7.74999999999998 -60.1742420240239
7.79999999999998 -59.3874521232846
7.84999999999998 -58.391751407985
7.89999999999998 -57.1925562459319
7.94999999999998 -55.7959754095289
7.99999999999998 -54.2087819231731
8.04999999999998 -52.438382740721
8.09999999999998 -50.4927863818493
8.14999999999998 -48.3805686624393
8.19999999999998 -46.1108366598725
8.24999999999998 -43.6931910593205
8.29999999999998 -41.1376870317351
8.34999999999998 -38.4547937982768
8.39999999999998 -35.6553530393603
8.44999999999999 -32.7505363093244
8.49999999999999 -29.7518016199635
8.54999999999999 -26.6708493577647
8.59999999999999 -23.5195777006977
8.64999999999999 -20.3100377007917
8.69999999999999 -17.0543881985151
8.74999999999999 -13.7648507341543
8.79999999999999 -10.4536646199759
8.84999999999999 -7.1330423349604
8.89999999999999 -3.81512540133132
8.94999999999999 -0.511940898979982
8.99999999999999 2.7646412297737
9.04999999999999 6.00294993682918
9.09999999999999 9.19155374279264
9.15 12.3193001909024
9.2 15.3753539476144
9.25 18.3492334231334
9.3 21.2308457916367
9.35 24.0105202977923
9.4 26.6790397433682
9.45 29.2276700552591
9.5 31.6481878440728
9.55 33.9329058705001
9.6 36.0746963450034
9.65 38.0670119948724
9.7 39.9039048413677
9.75 41.5800426384894
9.8 43.0907229338117
9.85 44.4318847208086
9.90000000000001 45.6001176610997
9.95000000000001 46.5926688640631
10 47.4074472202379
10.05 48.0430252938553
10.1 48.4986387886569
10.15 48.7741836098505
10.2 48.8702105535847
10.25 48.7879176636751
10.3 48.529140303439
10.35 48.0963389983859
10.4 47.4925851131258
10.45 46.7215444331757
10.5 45.7874587293463
10.55 44.6951253890498
10.6 43.4498752051606
10.65 42.0575484189743
10.7 40.524469119318
10.75 38.8574181049565
10.8 37.0636043220963
10.85 35.1506349930024
10.9 33.1264845554951
10.95 30.9994625363824
11 28.7781804846945
11.05 26.471518092918
11.1 24.0885886362697
11.15 21.6387038614085
11.2 19.1313384568507
11.25 16.5760942377331
11.3 13.9826641774623
11.35 11.3607964182055
11.4 8.72025839111292
11.45 6.07080117564202
11.5 3.42212422536419
11.55 0.783840585211067
11.6 -1.83455727774712
11.65 -4.42373091117747
11.7 -6.97452846688505
11.75 -9.47801633167871
11.8 -11.9255096930802
11.85 -14.3086019380435
11.9 -16.6191927879638
11.95 -18.8495150786839
12 -20.992160099908
12.05 -23.0401014144066
12.1 -24.9867170836015
12.15 -26.8258102325404
12.2 -28.5516278938807
12.25 -30.1588780772697
12.3 -31.6427450174196
12.35 -32.9989025611887
12.4 -34.2235256610846
12.45 -35.3132999497616
12.5 -36.2654293772731
12.55 -37.0776419000334
12.6 -37.7481932176157
12.65 -38.2758685606326
12.7 -38.6599825400015
12.75 -38.9003770748438
12.8 -38.9974174231003
12.85 -38.9519863456273
12.9 -38.7654764410498
12.95 -38.4397806949756
13 -37.9772812932771
13.0500000000001 -37.3808367550307
13.1000000000001 -36.6537674463221
13.1500000000001 -35.7998395414828
13.2000000000001 -34.8232475033861
13.2500000000001 -33.7285951591934
13.3000000000001 -32.5208754523836
13.3500000000001 -31.205448956012
13.4000000000001 -29.7880212359077
13.4500000000001 -28.2746191559372
13.5000000000001 -26.6715662205039
13.5500000000001 -24.9854570521355
13.6000000000001 -23.223131104305
13.6500000000001 -21.3916457115499
13.7000000000001 -19.4982485804767
13.7500000000001 -17.550349826381
13.8000000000001 -15.5554936609581
13.8500000000001 -13.5213298369369
13.9000000000001 -11.4555849554451
13.9500000000001 -9.3660337414947
14.0000000000001 -7.26047039218978
14.0500000000001 -5.14668010108888
14.1000000000001 -3.03241086062741
14.1500000000001 -0.925345642612538
14.2000000000001 1.16692494542551
14.2500000000001 3.23692943281989
14.3000000000001 5.27734159497299
14.3500000000001 7.28100581007252
14.4000000000001 9.24096157770938
14.4500000000001 11.1504671175663
14.5000000000001 13.0030219703989
14.5500000000001 14.7923885278174
14.6000000000001 16.5126124219081
14.6500000000001 18.1580417104622
14.7000000000001 19.7233447985134
14.7500000000001 21.2035270419798
14.8000000000001 22.5939459844674
14.8500000000001 23.8903251836684
14.9000000000001 25.0887665892949
14.9500000000001 26.1857614400711
15.0000000000001 27.1781996529669
15.0500000000001 28.0633776835663
15.1000000000001 28.8390048421918
15.1500000000001 29.5032080561549
15.2000000000001 30.0545350742226
15.2500000000001 30.4919561150861
15.3000000000001 30.8148639672505
15.3500000000001 31.0230725533264
15.4000000000001 31.1168139771696
15.4500000000001 31.0967340776645
15.5000000000001 30.9638865181692
15.5500000000001 30.7197254457039
15.6000000000001 30.3660967588688
15.6500000000001 29.9052280281937
15.7000000000001 29.3397171171379
15.7500000000001 28.672519556265
15.8000000000001 27.9069347271905
15.8500000000001 27.0465909167377
15.9000000000001 26.0954293053172
15.9500000000001 25.0576869568673
16.0000000000001 23.9378788807373
16.0500000000001 22.7407792386592
16.1000000000001 21.4714017724289
16.1500000000001 20.1349795300972
16.2000000000001 18.7369439703479
16.2500000000001 17.2829035263101
16.3000000000001 15.7786217113194
16.3500000000001 14.2299948500905
16.4000000000001 12.6430295194092
16.4500000000001 11.0238197827786
16.5000000000001 9.37852430347753
16.5500000000001 7.71334342020291
16.6000000000001 6.03449626887531
16.6500000000001 4.34819803330524
16.7000000000001 2.66063740622961
16.7500000000001 0.977954340768925
16.8000000000001 -0.693781829395787
16.8500000000001 -2.34859382483444
16.9000000000001 -3.98061733615584
16.9500000000001 -5.58412134927748
17.0000000000001 -7.15352781144662
17.0500000000001 -8.68343057226882
17.1000000000001 -10.168613537196
17.1500000000001 -11.604067974331
17.2000000000001 -12.9850089189841
17.2500000000001 -14.3068906241789
17.3000000000001 -15.5654210092101
17.3500000000001 -16.756575062413
17.4000000000001 -17.8766071584756
17.4500000000001 -18.9220622549141
17.5000000000001 -19.8897859367003
17.5500000000001 -20.776933282488
17.6000000000001 -21.5809765303901
17.6500000000001 -22.2997115258065
17.7000000000001 -22.9312629383817
17.7500000000001 -23.4740882397491
17.8000000000001 -23.9269804382929
17.8500000000001 -24.2890695717049
17.9000000000001 -24.5598229626201
17.9500000000001 -24.7390442470585
18.0000000000001 -24.8268711897775
18.0500000000001 -24.8237723049212
18.1000000000001 -24.730542304534
18.1500000000001 -24.5482964015689
18.2000000000001 -24.278463497952
18.2500000000001 -23.9227782920499
18.3000000000001 -23.4832723435164
18.3500000000001 -22.962264136953
18.4000000000001 -22.3623481890998
18.4500000000001 -21.6863832473567
18.5000000000001 -20.9374796303297
18.5500000000001 -20.1189857637713
18.6000000000001 -19.2344739677474
18.6500000000001 -18.2877255531048
18.7000000000001 -17.2827152873161
18.7500000000001 -16.2235952915573
18.8000000000001 -15.1146784323998
18.8500000000001 -13.9604212727959
18.9000000000001 -12.7654066480708
18.9500000000001 -11.534325933439
19.0000000000001 -10.2719610701028
19.0500000000001 -8.98316641729464
19.1000000000001 -7.67285049767377
19.1500000000001 -6.34595770329597
19.2000000000001 -5.00745002893837
19.2500000000001 -3.66228889888563
19.3000000000001 -2.3154171523777
19.3500000000001 -0.971741251777008
19.4000000000001 0.363886223843117
19.4500000000001 1.68668373856878
19.5000000000001 2.99195755363488
19.5500000000001 4.27511801818424
19.6000000000001 5.5316953416187
19.6500000000001 6.75735479472759
19.7000000000001 7.94791128930445
19.7500000000001 9.09934328865591
19.8000000000001 10.2078060042472
19.8500000000001 11.2696438367043
19.9000000000001 12.2814020225008
19.9500000000001 13.2398374508728
20.0000000000001 14.141928618826
20.0500000000001 14.984884695505
20.1000000000002 15.7661536706796
20.1500000000002 16.483429565643
20.2000000000002 17.1346586884127
20.2500000000002 17.7180449187501
20.3000000000002 18.2320540121635
20.3500000000002 18.6754169157153
20.4000000000002 19.047132092106
20.4500000000002 19.346466852139
20.5000000000002 19.5729576992708
20.5500000000002 19.7264096935075
20.6000000000002 19.8068948454085
20.6500000000002 19.8147495543864
20.7000000000002 19.750571108841
20.7500000000002 19.6152132689248
20.8000000000002 19.4097809558846
20.8500000000002 19.1356240749674
20.9000000000002 18.7943305017889
20.9500000000002 18.3877182648477
21.0000000000002 17.9178269595022
21.0500000000002 17.3869084312163
21.1000000000002 16.797416768209
21.1500000000002 16.1519976458028
21.2000000000002 15.4534770667578
21.2500000000002 14.704849543691
21.3000000000002 13.9092657713066
21.3500000000002 13.0700198376091
21.4000000000002 12.190536024517
21.4500000000002 11.2743552493555
21.5000000000002 10.325121199566
21.5500000000002 9.34656621363158
21.6000000000002 8.34249696168694
21.6500000000002 7.31677997954349
21.7000000000002 6.27332710993331
21.7500000000002 5.21608090464621
21.8000000000002 4.14900004091636
21.8500000000002 3.07604480490149
21.9000000000002 2.00116269439885
21.9500000000002 0.928274192061649
22.0000000000002 -0.138741240684552
22.0500000000002 -1.19605890005623
22.1000000000002 -2.23992225909318
22.1500000000002 -3.26665602360086
22.2000000000002 -4.27267878056743
22.2500000000002 -5.25451519662708
22.3000000000002 -6.20880772614469
22.3500000000002 -7.13232779062288
22.4000000000002 -8.0219863933848
22.4500000000002 -8.87484413584738
22.5000000000002 -9.68812060416168
22.5500000000002 -10.4592030975557
22.6000000000002 -11.1856546723494
22.6500000000002 -11.8652214783254
22.7000000000002 -12.4958393669053
22.7500000000002 -13.0756397534079
22.8000000000002 -13.6029547185231
22.8500000000002 -14.0763213370314
22.9000000000002 -14.4944852247026
22.9500000000002 -14.8564032972309
23.0000000000002 -15.1612457379743
23.0500000000002 -15.4083971741687
23.1000000000002 -15.5974570641661
23.1500000000002 -15.7282393010878
23.2000000000002 -15.8007710410832
23.2500000000002 -15.815290767133
23.3000000000002 -15.7722456020138
23.3500000000002 -15.6722878866532
23.4000000000002 -15.5162710426338
23.4500000000002 -15.3052447400382
23.5000000000002 -15.040449394174
23.5500000000002 -14.7233100169459
23.6000000000002 -14.3554294507684
23.6500000000002 -13.938581014913
23.7000000000002 -13.4747005960605
23.7500000000002 -12.9658782165733
23.8000000000002 -12.4143491156118
23.8500000000002 -11.822484379685
23.9000000000002 -11.1927811605462
23.9500000000002 -10.5278525195176
24.0000000000002 -9.83041693834693
24.0500000000002 -9.10328753756576
24.1000000000002 -8.34936104402623
24.1500000000002 -7.57160654984841
24.2000000000002 -6.77305410540026
24.2500000000002 -5.95678318917105
24.3000000000002 -5.12591109747411
24.3500000000002 -4.28358129683862
24.4000000000002 -3.43295178171358
24.4500000000002 -2.57718347972364
24.5000000000002 -1.71942874617653
24.5500000000002 -0.862819988841383
24.6000000000002 -0.010458463188664
24.6500000000002 0.834596722682648
24.7000000000002 1.66933935530313
24.7500000000002 2.49082657837987
24.8000000000002 3.29618903508484
24.8500000000002 4.08264065600987
24.9000000000002 4.84748806029066
24.9500000000002 5.58813953909053
25.0000000000002 6.30211359241359
25.0500000000002 6.98704699209256
25.1000000000002 7.64070234574872
25.1500000000002 8.26097513855264
25.2000000000002 8.84590023171048
25.2500000000002 9.39365779875405
25.3000000000002 9.90257868291981
25.3500000000002 10.3711491611463
25.4000000000002 10.7980151025015
25.4500000000002 11.1819855111539
25.5000000000002 11.5220354463233
25.5500000000002 11.8173083139743
25.6000000000002 12.0671175273424
25.6500000000002 12.2709475357006
25.7000000000002 12.4284542230733
25.7500000000002 12.5394646808784
25.8000000000002 12.6039763607179
25.8500000000002 12.6221556157347
25.9000000000002 12.5943356411017
25.9500000000002 12.521013826301
26.0000000000002 12.4028485338767
26.0500000000002 12.2406553213035
26.1000000000002 12.0354026244907
26.1500000000002 11.7882069232377
26.2000000000002 11.5003274106629
26.2500000000002 11.1731601902412
26.3000000000002 10.8082320255956
26.3500000000002 10.4071936695964
26.4000000000002 9.97181280062186
26.4500000000002 9.50396659501986
26.5000000000002 9.0056339658809
26.5500000000002 8.47888749918639
26.6000000000002 7.92588511922656
26.6500000000002 7.34886151589169
26.7000000000002 6.75011936702292
26.7500000000002 6.13202038946936
26.8000000000002 5.49697625282818
26.8500000000002 4.84743939005237
26.9000000000002 4.18589373918853
26.9500000000002 3.51484545046487
27.0000000000002 2.83681359277795
27.0500000000002 2.15432089333729
27.1000000000003 1.46988454381395
27.1500000000003 0.786007105812689
27.2000000000003 0.105167547841425
27.2500000000003 -0.570187554801787
27.3000000000003 -1.23765262666635
27.3500000000003 -1.89487147572096
27.4000000000003 -2.53954542533176
27.4500000000003 -3.16944116728121
27.5000000000003 -3.78239830970893
27.5500000000003 -4.37633659519096
27.6000000000003 -4.94926276558265
27.6500000000003 -5.49927705173744
27.7000000000003 -6.02457926776339
27.7500000000003 -6.52347449109062
27.8000000000003 -6.99437831129013
27.8500000000003 -7.43582163229507
27.9000000000003 -7.84645501443259
27.9500000000003 -8.22505254446054
28.0000000000003 -8.57051522362146
28.0500000000003 -8.88187386556044
28.1000000000003 -9.15829149780603
28.1500000000003 -9.39906526236916
28.2000000000003 -9.60362781287376
28.2500000000003 -9.77154820748202
28.3000000000003 -9.90253229871653
28.3500000000003 -9.99642262309797
28.4000000000003 -10.0531977953092
28.4500000000003 -10.0729714133552
28.5000000000003 -10.055990482909
28.5500000000003 -10.0026333707084
28.6000000000003 -9.91340729849558
28.6500000000003 -9.78894539055939
28.7000000000003 -9.63000328944983
28.7500000000003 -9.43745535587763
28.8000000000003 -9.2122904701827
28.8500000000003 -8.95560745405361
28.9000000000003 -8.66861013239783
28.9500000000003 -8.35260205639859
29.0000000000003 -8.00898090984271
29.0500000000003 -7.63923262176469
29.1000000000003 -7.2449252093193
29.1500000000003 -6.82770237557002
29.2000000000003 -6.38927688755676
29.2500000000003 -5.93142376058703
29.3000000000003 -5.45597327517324
29.3500000000003 -4.96480385342128
29.4000000000003 -4.45983482195281
29.4500000000003 -3.94301908862379
29.5000000000003 -3.41633576037963
29.5500000000003 -2.88178272956492
29.6000000000003 -2.34136925588623
29.6500000000003 -1.79710857100649
29.7000000000003 -1.25101053243594
29.7500000000003 -0.705074352974469
29.8000000000003 -0.161281431461595
29.8500000000003 0.378411690001709
29.9000000000003 0.912080217869895
29.9500000000003 1.43783782427845
