# t    y    dy
0.0   100  2.92
0.5   93   2.88
1.0   78   2.84
1.5   57   2.79
2.0   32   2.74
2.5   7    2.70
3.0   -16  2.66
3.5   -35  2.61
4.0   -49  2.57
4.5   -56  2.53
5.0   -55  2.49
5.5   -47  2.46
6.0   -31  2.42
6.5   -10  2.38
7.0   13   2.35
7.5   33   2.32
8.0   46   2.29
8.5   50   2.26
9.0   46   2.23
9.5   34   2.20
10.0  17   2.18
10.5  -3   2.15
11.0  -21  2.13
11.5  -34  2.11
12.0  -40  2.08
12.5  -37  2.06
13.0  -26  2.04
13.5  -10  2.02
14.0  9    2.01
14.5  25   1.99
15.0  34   1.98
15.5  33   1.96
16.0  24   1.95
16.5  10   1.93
17.0  -7   1.92
17.5  -22  1.91
18.0  -30  1.90
18.5  -29  1.89
19.0  -21  1.88
19.5  -8   1.87
20.0  6    1.86
20.5  17   1.85
21.0  21   1.84
21.5  17   1.84
22.0  7    1.83
22.5  -5   1.83
23.0  -15  1.82
23.5  -19  1.82
24.0  -16  1.82
24.5  -7   1.81
25.0  3    1.81
25.5  11   1.81
26.0  13   1.80
26.5  9    1.80
27.0  1    1.80
27.5  -7   1.79
28.0  -11  1.79
28.5  -10  1.79
29.0  -4   1.79
29.5  2    1.78
30.0  5    1.78
