-3 -0.999977894851102
-2.875 -0.999952120464865
-2.75 -0.999899338666567
-2.625 -0.999794564994445
-2.5 -0.999592964536606
-2.375 -0.999216952820867
-2.25 -0.99853715334125
-2.125 -0.99734583210427
-2 -0.995322139581219
-1.875 -0.99198997276661
-1.75 -0.986671652155294
-1.625 -0.978443791119842
-1.5 -0.966105266402972
-1.375 -0.948170209967293
-1.25 -0.922900219942947
-1.125 -0.888388226979099
-1 -0.84270068974759
-0.875 -0.784074925009414
-0.75 -0.711155569636656
-0.625 -0.623240952417462
-0.5 -0.520500016304747
-0.375 -0.40411694412452
-0.25 -0.276326261353527
-0.125 -0.140316192477912
0 9.99999971718069E-10
0.125 0.140316192477912
0.25 0.276326261353527
0.375 0.40411694412452
0.5 0.520500016304747
0.625 0.623240952417462
0.75 0.711155569636656
0.875 0.784074925009414
1 0.84270068974759
1.125 0.888388226979099
1.25 0.922900219942947
1.375 0.948170209967293
1.5 0.966105266402972
1.625 0.978443791119842
1.75 0.986671652155294
1.875 0.99198997276661
2 0.995322139581219
2.125 0.99734583210427
2.25 0.99853715334125
2.375 0.999216952820867
2.5 0.999592964536606
2.625 0.999794564994445
2.75 0.999899338666567
2.875 0.999952120464865
3 0.999977894851102


-4.9921875 -1.08108204169994
-4.9765625 -0.3703774143446
-4.9609375 -0.228577123714629
-4.9453125 -0.168063067451575
-4.9296875 -0.13465636170128
-4.9140625 -0.113581753171434
-4.8984375 -0.0991571955180807
-4.8828125 -0.0887317706848224
-4.8671875 -0.0809027306128133
-4.8515625 -0.0748586239520978
-4.8359375 -0.070097785163215
-4.8203125 -0.0662937053169221
-4.8046875 -0.0632250316536597
-4.7890625 -0.0607366855672065
-4.7734375 -0.0587170772709414
-4.7578125 -0.0570841487095523
-4.7421875 -0.0557765005345983
-4.7265625 -0.0547475707737386
-4.7109375 -0.0539617118964886
-4.6953125 -0.0533914863668083
-4.6796875 -0.053015766378928
-4.6640625 -0.0528183779506773
-4.6484375 -0.0527871223013873
-4.6328125 -0.052913064750782
-4.6171875 -0.0531900177270761
-4.6015625 -0.0536141681090666
-4.5859375 -0.0541838148760438
-4.5703125 -0.0548991938060028
-4.5546875 -0.0557623735418593
-4.5390625 -0.0567772128771856
-4.5234375 -0.0579493733451758
-4.5078125 -0.059286384638839
-4.4921875 -0.0607977634189242
-4.4765625 -0.0624951889740443
-4.4609375 -0.0643927422480302
-4.4453125 -0.0665072182098777
-4.4296875 -0.0688585257179527
-4.4140625 -0.0714701943079357
-4.3984375 -0.0743700142308115
-4.3828125 -0.0775908453081889
-4.3671875 -0.081171642803716
-4.3515625 -0.085158766075677
-4.3359375 -0.0896076606014284
-4.3203125 -0.0945850396130463
-4.3046875 -0.100171743623782
-4.2890625 -0.106466533431454
-4.2734375 -0.113591189207259
-4.2578125 -0.121697469096458
-4.2421875 -0.130976766537338
-4.2265625 -0.141673768640912
-4.2109375 -0.154106189846575
-4.1953125 -0.168693982672374
-4.1796875 -0.186003793961279
-4.1640625 -0.206818830094262
-4.1484375 -0.23225285345011
-4.1328125 -0.263944653460878
-4.1171875 -0.304408101957232
-4.1015625 -0.357705345317153
-4.0859375 -0.430854398816597
-4.0703125 -0.53711354723817
-4.0546875 -0.70489616529158
-4.0390625 -1.00808113510567
-4.0234375 -1.71756498403335
-4.0078125 -5.27143983981325
-3.9921875 5.39696425504896
-3.9765625 1.8432063510743
-3.9609375 1.13395682467804
-3.9453125 0.831124388256617
-3.9296875 0.66381378307428
-3.9140625 0.558147833943999
-3.8984375 0.485715324920598
-3.8828125 0.433260599046985
-3.8671875 0.393768759154552
-3.8515625 0.3631812927676
-3.8359375 0.338988507937735
-3.8203125 0.319556376410476
-3.8046875 0.303776519273443
-3.7890625 0.2908717832242
-3.7734375 0.280282298535509
-3.7578125 0.271595676282167
-3.7421875 0.264502623628916
-3.7265625 0.258767814985249
-3.7109375 0.254210252137364
-3.6953125 0.250689713331655
-3.6796875 0.24809721922639
-3.6640625 0.246348215910581
-3.6484375 0.245377638822855
-3.6328125 0.245136307790732
-3.6171875 0.245588284974234
-3.6015625 0.246708945439377
-3.5859375 0.248483588533107
-3.5703125 0.250906471691497
-3.5546875 0.253980185741437
-3.5390625 0.25771531782535
-3.5234375 0.262130368491069
-3.5078125 0.267251905754766
-3.4921875 0.273114952858448
-3.4765625 0.27976361939162
-3.4609375 0.287251998622072
-3.4453125 0.295645368448597
-3.4296875 0.305021750641243
-3.4140625 0.315473904562373
-3.3984375 0.327111859468335
-3.3828125 0.340066126702297
-3.3671875 0.354491783806853
-3.3515625 0.370573693001188
-3.3359375 0.388533215889006
-3.3203125 0.408636928953239
-3.3046875 0.4312080526305
-3.2890625 0.456641616045846
-3.2734375 0.485424847627897
-3.2578125 0.518165005137264
-3.2421875 0.555628001795112
-3.2265625 0.598793037771355
-3.2109375 0.648931533807063
-3.1953125 0.707723974180194
-3.1796875 0.777437732572532
-3.1640625 0.861206534689388
-3.1484375 0.963486446734442
-3.1328125 1.09083376313128
-3.1171875 1.25330523227704
-3.1015625 1.46715083040239
-3.0859375 1.76044414516469
-3.0703125 2.18621998524286
-3.0546875 2.8581336702057
-3.0390625 4.07170270976274
-3.0234375 6.91051536544665
-3.0078125 21.1269424830014
-2.9921875 -21.5456932369534
-2.9765625 -7.32962525544392
-2.9609375 -4.49153211024819
-2.9453125 -3.27904543804369
-2.9296875 -2.60858072567471
-2.9140625 -2.18462550629643
-2.8984375 -1.89353083699515
-2.8828125 -1.68226966973712
-2.8671875 -1.522777623293
-2.8515625 -1.39881544792521
-2.8359375 -1.30033872966741
-2.8203125 -1.22080521925565
-2.8046875 -1.15577472567318
-2.7890625 -1.10213136612295
-2.7734375 -1.05762773588009
-2.7578125 -1.02060562727908
-2.7421875 -0.989818411861333
-2.7265625 -0.964314435530966
-2.7109375 -0.943358357541
-2.6953125 -0.92637683129588
-2.6796875 -0.912920236372107
-2.6640625 -0.902635259859863
-2.6484375 -0.89524497914276
-2.6328125 -0.89053424314602
-2.6171875 -0.888338874555238
-2.6015625 -0.888537686309005
-2.5859375 -0.891046618255439
-2.5703125 -0.895814512211048
-2.5546875 -0.902820191502766
-2.5390625 -0.912070616991278
-2.5234375 -0.92359997023025
-2.5078125 -0.937469575655392
-2.4921875 -0.953768624435363
-2.4765625 -0.972615708041179
-2.4609375 -0.994161213981077
-2.4453125 -1.01859068348306
-2.4296875 -1.04612928540239
-2.4140625 -1.07704762729497
-2.3984375 -1.11166920991192
-2.3828125 -1.15037994423511
-2.3671875 -1.19364030328714
-2.3515625 -1.2420008929493
-2.3359375 -1.29612252487973
-2.3203125 -1.35680230316505
-2.3046875 -1.42500786142735
-2.2890625 -1.50192281527579
-2.2734375 -1.58900789965694
-2.2578125 -1.68808443079874
-2.2421875 -1.80145016207009
-2.2265625 -1.93204316093414
-2.2109375 -2.08367859683362
-2.1953125 -2.26139926124765
-2.1796875 -2.47200904028923
-2.1640625 -2.72491130116564
-2.1484375 -3.03347685964046
-2.1328125 -3.41737764855972
-2.1171875 -3.90678740373858
-2.1015625 -4.5504599974199
-2.0859375 -5.43262060421915
-2.0703125 -6.71237854844097
-2.0546875 -8.73070519570647
-2.0390625 -12.3741590163884
-2.0234375 -20.8935113002178
-2.0078125 -63.5458816871547
-1.9921875 64.4687539824491
-1.9765625 21.8170876744076
-1.9609375 13.2991458576881
-1.9453125 9.65781351673805
-1.9296875 7.64232634475014
-1.9140625 6.36613526444195
-1.8984375 5.48828078535312
-1.8828125 4.84966803228904
-1.8671875 4.36608896678538
-1.8515625 3.98880967572422
-1.8359375 3.68767936616615
-1.8203125 3.44305221993195
-1.8046875 3.2415869259115
-1.7890625 3.07391326332728
-1.7734375 2.93326442372993
-1.7578125 2.81463895648059
-1.7421875 2.714267676276
-1.7265625 2.6292635781274
-1.7109375 2.5573855473963
-1.6953125 2.49687505310217
-1.6796875 2.44634094590338
-1.6640625 2.40467674697042
-1.6484375 2.37100037444841
-1.6328125 2.34460968703288
-1.6171875 2.32494939825004
-1.6015625 2.31158632453827
-1.5859375 2.30419086439493
-1.5703125 2.30252323841746
-1.5546875 2.30642345797972
-1.5390625 2.31580430095442
-1.5234375 2.3306467998779
-1.5078125 2.35099792019829
-1.4921875 2.37697024371001
-1.4765625 2.40874358944573
-1.4609375 2.44656861253156
-1.4453125 2.49077253070466
-1.4296875 2.54176724812612
-1.4140625 2.60006028776677
-1.3984375 2.66626912064812
-1.3828125 2.74113971087273
-1.3671875 2.82557040543752
-1.3515625 2.92064272482608
-1.3359375 3.02766121046125
-1.3203125 3.14820534406266
-1.3046875 3.28419780563335
-1.2890625 3.43799519434224
-1.2734375 3.61251014687633
-1.2578125 3.81137812891278
-1.2421875 4.03918903526653
-1.2265625 4.30181485051742
-1.2109375 4.60688314768683
-1.1953125 4.96447806570773
-1.1796875 5.38820720500542
-1.1640625 5.89687836267876
-1.1484375 6.51723544063381
-1.1328125 7.28862576606878
-1.1171875 8.27140145635277
-1.1015625 9.56307608832775
-1.0859375 11.3321070416134
-1.0703125 13.8967212135692
-1.0546875 17.9388708318032
-1.0390625 25.2316836193544
-1.0234375 42.2767142715342
-1.0078125 127.58821557499
-0.9921875 -128.433845824411
-0.9765625 -43.1228373564461
-0.9609375 -26.0787938303102
-0.9453125 -18.7874653567795
-0.9296875 -14.747301618385
-0.9140625 -12.1851807795959
-0.8984375 -10.4191580534438
-0.8828125 -9.13101559204421
-0.8671875 -8.15230674266959
-0.8515625 -7.38553041520813
-0.8359375 -6.77034883632067
-0.8203125 -6.26743099409487
-0.8046875 -5.85005140535591
-0.7890625 -5.49942294767146
-0.7734375 -5.20196112645854
-0.7578125 -4.94760754068854
-0.7421875 -4.72876321726209
-0.7265625 -4.53958789661059
-0.7109375 -4.37552683499836
-0.6953125 -4.23298348846228
-0.6796875 -4.10908830757208
-0.6640625 -4.00153239925546
-0.6484375 -3.90844592975479
-0.6328125 -3.82830800460838
-0.6171875 -3.75987910498248
-0.6015625 -3.70214997289332
-0.5859375 -3.65430269900133
-0.5703125 -3.61568102282742
-0.5546875 -3.58576771982785
-0.5390625 -3.56416755693766
-0.5234375 -3.55059473418898
-0.5078125 -3.54486405154898
-0.4921875 -3.54688528553602
-0.4765625 -3.55666045629096
-0.4609375 -3.57428383237032
-0.4453125 -3.59994467328408
-0.4296875 -3.63393286255531
-0.4140625 -3.67664775067021
-0.3984375 -3.72861072340635
-0.3828125 -3.79048225644119
-0.3671875 -3.86308453868411
-0.3515625 -3.94743118277274
-0.3359375 -4.04476614835057
-0.3203125 -4.15661486833273
-0.3046875 -4.28485182453726
-0.2890625 -4.43179068020679
-0.2734375 -4.60030589016283
-0.2578125 -4.79399905277311
-0.2421875 -5.01743012974514
-0.2265625 -5.27644477758777
-0.2109375 -5.57864756165202
-0.1953125 -5.93410268791627
-0.1796875 -6.35640068715483
-0.1640625 -6.86433496905574
-0.1484375 -7.48463757635289
-0.1328125 -8.25664637562478
-0.1171875 -9.24070631451911
-0.1015625 -10.5343260035485
-0.0859375 -12.305959990502
-0.0703125 -14.8738344238983
-0.0546875 -18.9199028304174
-0.0390625 -26.2172962607354
-0.0234375 -43.2675747622733
-0.0078125 -128.584998509168
0.0078125 127.430456426925
0.0234375 42.1121458634768
0.0390625 25.0600909508002
0.0546875 17.7600258482469
0.0703125 13.7103819757765
0.0859375 11.1380168083191
0.1015625 9.36096231529005
0.1171875 8.06097470376643
0.1328125 7.06957850464525
0.1484375 6.28924074529697
0.1640625 5.65958848134513
0.1796875 5.14125198823394
0.1953125 4.70746324106029
0.2109375 4.33938842039428
0.2265625 4.02339180943631
0.2421875 3.74935884007036
0.2578125 3.50962895091155
0.2734375 3.2982943316936
0.2890625 3.11072610978602
0.3046875 2.94324633232133
0.3203125 2.79289595952641
0.3359375 2.65726760933036
0.3515625 2.53438290800371
0.3671875 2.42260115957514
0.3828125 2.32055038549757
0.3984375 2.22707459344368
0.4140625 2.14119298805635
0.4296875 2.06206808367795
0.4453125 1.9889805324262
0.4609375 1.92130907398439
0.4765625 1.85851443148908
0.4921875 1.80012627647941
0.5078125 1.74573260176783
0.5234375 1.69497099898574
0.5390625 1.64752145425989
0.5546875 1.60310036259117
0.5703125 1.56145552714175
0.5859375 1.52236195951802
0.6015625 1.4856183353574
0.6171875 1.45104398903851
0.6328125 1.41847635428749
0.6484375 1.38776877542809
0.6640625 1.35878862819151
0.6796875 1.33141570023856
0.6953125 1.30554079051044
0.7109375 1.28106449371528
0.7265625 1.25789614205591
0.7421875 1.23595288100431
0.7578125 1.21515885975583
0.7734375 1.19544452012755
0.7890625 1.17674597023862
0.8046875 1.1590044314338
0.8203125 1.14216574867096
0.8359375 1.12617995605637
0.8515625 1.11100089043354
0.8671875 1.09658584695446
0.8828125 1.08289527142278
0.8984375 1.06989248492388
0.9140625 1.05754343687079
0.9296875 1.04581648311602
0.9453125 1.03468218622291
0.9609375 1.02411313536832
0.9765625 1.01408378367313
0.9921875 1.00457030103433
1.0078125 0.995550440835352
1.0234375 0.987003418675237
1.0390625 0.978909802765634
1.0546875 0.971251413576
1.0703125 0.964011232671785
1.0859375 0.95717331946492
1.1015625 0.950722735146646
1.1171875 0.944645473097628
1.1328125 0.938928395148197
1.1484375 0.933559173130019
1.1640625 0.928526235220686
1.1796875 0.923818716635786
1.1953125 0.919426414269588
1.2109375 0.915339744926919
1.2265625 0.911549706825414
1.2421875 0.90804784407954
1.2578125 0.904826213906883
1.2734375 0.901877356322468
1.2890625 0.899194266110021
1.3046875 0.896770366879155
1.3203125 0.894599487035804
1.3359375 0.892675837509418
1.3515625 0.890993991095055
1.3671875 0.889548863281495
1.3828125 0.888335694448287
1.3984375 0.887350033325215
1.4140625 0.886587721617081
1.4296875 0.886044879705367
1.4453125 0.885717893346042
1.4609375 0.885603401289678
1.4765625 0.885698283756515
1.4921875 0.885999651704711
1.5078125 0.886504836835224
1.5234375 0.887211382281597
1.5390625 0.888117033936974
1.5546875 0.889219732374791
1.5703125 0.890517605323031
1.5859375 0.892008960655089
1.6015625 0.893692279863433
1.6171875 0.895566211984703
1.6328125 0.897629567947552
1.6484375 0.899881315316652
1.6640625 0.902320573408428
1.6796875 0.904946608755895
1.6953125 0.90775883090179
1.7109375 0.910756788500708
1.7265625 0.913940165712497
1.7421875 0.917308778870384
1.7578125 0.920862573408713
1.7734375 0.924601621036153
1.7890625 0.928526117141408
1.8046875 0.932636378419388
1.8203125 0.936932840706649
1.8359375 0.941416057015875
1.8515625 0.946086695759814
1.8671875 0.950945539155819
1.8828125 0.955993481802926
1.8984375 0.961231529423799
1.9140625 0.966660797764702
1.9296875 0.972282511646926
1.9453125 0.978098004163845
1.9609375 0.984108716017998
1.9765625 0.990316194993286
1.9921875 0.996722095557496
2.0078125 1.00332817865438
2.0234375 1.01013631130044
2.0390625 1.01714846693617
2.0546875 1.02436672525594
2.0703125 1.03179327246902
2.0859375 1.03943040160644
2.1015625 1.04728051293498
2.1171875 1.05534611447626
2.1328125 1.06362982262882
2.1484375 1.07213436289151
2.1640625 1.08086257068658
2.1796875 1.08981739228128
2.1953125 1.09900188580662
2.2109375 1.10841922237244
2.2265625 1.11807268727805
2.2421875 1.12796568131755
2.2578125 1.13810172217975
2.2734375 1.14848444594189
2.2890625 1.15911760865745
2.3046875 1.17000508803765
2.3203125 1.18115088522696
2.3359375 1.19255912667274
2.3515625 1.20423406608941
2.3671875 1.21618008651767
2.3828125 1.22840170247927
2.3984375 1.24090356222823
2.4140625 1.25369045009915
2.4296875 1.26676728895377
2.4453125 1.2801391427267
2.4609375 1.29381121907164
2.4765625 1.30778887210923
2.4921875 1.32207760527812
2.5078125 1.33668307429061
2.5234375 1.35161109019462
2.5390625 1.36686762254362
2.5546875 1.38245880267643
2.5703125 1.39839092710882
2.5859375 1.41467046103893
2.6015625 1.43130404196878
2.6171875 1.44829848344401
2.6328125 1.46566077891436
2.6484375 1.48339810571729
2.6640625 1.50151782918746
2.6796875 1.52002750689467
2.6953125 1.53893489301319
2.7109375 1.55824794282543
2.7265625 1.57797481736298
2.7421875 1.59812388818825
2.7578125 1.61870374232
2.7734375 1.6397231873063
2.7890625 1.6611912564483
2.8046875 1.68311721417874
2.8203125 1.70551056159882
2.8359375 1.72838104217758
2.8515625 1.75173864761778
2.8671875 1.77559362389251
2.8828125 1.79995647745707
2.8984375 1.82483798164049
2.9140625 1.8502491832215
2.9296875 1.87620140919368
2.9453125 1.90270627372498
2.9609375 1.92977568531654
2.9765625 1.95742185416642
2.9921875 1.98565729974345
3.0078125 2.01449485870449
3.0234375 2.04394769239698
3.0390625 2.07402929586203
3.0546875 2.10475350579931
3.0703125 2.13613450940852
3.0859375 2.16818685335093
3.1015625 2.20092545296491
3.1171875 2.2343656017427
3.1328125 2.26852298107552
3.1484375 2.30341367027472
3.1640625 2.33905415687643
3.1796875 2.3754613472381
3.1953125 2.41265257743484
3.2109375 2.45064562446407
3.2265625 2.48945871776753
3.2421875 2.5291105510792
3.2578125 2.56962029460897
3.2734375 2.61100760757102
3.2890625 2.65329265106744
3.3046875 2.69649610133677
3.3203125 2.74063916337818
3.3359375 2.7857435849621
3.3515625 2.83183167103838
3.3671875 2.87892629855354
3.3828125 2.92705093168889
3.3984375 2.97622963753177
3.4140625 3.02648710219249
3.4296875 3.07784864737986
3.4453125 3.13034024744889
3.4609375 3.18398854693411
3.4765625 3.23882087858301
3.4921875 3.29486528190407
3.5078125 3.35215052224442
3.5234375 3.41070611041299
3.5390625 3.47056232286467
3.5546875 3.53175022246245
3.5703125 3.5943016798344
3.5859375 3.65824939534286
3.6015625 3.7236269216844
3.6171875 3.79046868713863
3.6328125 3.85881001948547
3.6484375 3.92868717061064
3.6640625 4.00013734181972
3.6796875 4.0731987098818
3.6953125 4.14791045382462
3.7109375 4.22431278250332
3.7265625 4.30244696296626
3.7421875 4.38235534964121
3.7578125 4.46408141436688
3.7734375 4.54766977729482
3.7890625 4.63316623868784
3.8046875 4.72061781164193
3.8203125 4.81007275575918
3.8359375 4.90158061180049
3.8515625 4.99519223734758
3.8671875 5.0909598435043
3.8828125 5.18893703266921
3.8984375 5.28917883741112
3.9140625 5.3917417604814
3.9296875 5.4966838159971
3.9453125 5.6040645718306
3.9609375 5.71394519324195
3.9765625 5.82638848779223
3.9921875 5.9414589515761
4.0078125 6.05922281719711
4.0234375 6.17974810123149
4.0390625 6.30310465695569
4.0546875 6.42936422474633
4.0703125 6.55860048591834
4.0859375 6.69088911776263
4.1015625 6.82630785021149
4.1171875 6.96493652418232
4.1328125 7.10685715165066
4.1484375 7.25215397750557
4.1640625 7.40091354324182
4.1796875 7.55322475254614
4.1953125 7.70917893883476
4.2109375 7.8688699348026
4.2265625 8.03239414404679
4.2421875 8.1998506148271
4.2578125 8.37134111603079
4.2734375 8.54697021540827
4.2890625 8.72684536015151
4.3046875 8.91107695988635
4.3203125 9.09977847215412
4.3359375 9.2930664904595
4.3515625 9.49106083496456
4.3671875 9.69388464591076
4.3828125 9.90166447985382
4.3984375 10.1145304087994
4.4140625 10.332616122329
4.4296875 10.5560590328106
4.4453125 10.7850003837887
4.4609375 11.0195853616548
4.4765625 11.2599632106987
4.4921875 11.5062873516494
4.5078125 11.7587155038105
4.5234375 12.0174098109083
4.5390625 12.2825369707633
4.5546875 12.5542683689095
4.5703125 12.8327802162837
4.5859375 13.1182536911123
4.6015625 13.410875085129
4.6171875 13.7108359542592
4.6328125 14.0183332739121
4.6484375 14.3335695990248
4.6640625 14.6567532290113
4.6796875 14.9880983777682
4.6953125 15.3278253488988
4.7109375 15.6761607163209
4.7265625 16.0333375104289
4.7421875 16.3995954099855
4.7578125 16.7751809399256
4.7734375 17.1603476752609
4.7890625 17.5553564512781
4.8046875 17.9604755802314
4.8203125 18.3759810747362
4.8359375 18.8021568780784
4.8515625 19.239295101659
4.8671875 19.6876962698018
4.8828125 20.1476695721609
4.8984375 20.6195331239699
4.9140625 21.1036142343842
4.9296875 21.6002496831761
4.9453125 22.1097860060504
4.9609375 22.6325797888568
4.9765625 23.1689979709863
4.9921875 23.7194181582452


0.015625 4.15006336281286
0.03125 3.44848911704994
0.046875 3.03498097008888
0.0625 2.73963161138143
0.078125 2.50918857772702
0.09375 2.3199277010192
0.109375 2.15919051277131
0.125 2.01941834734442
0.140625 1.89573345923467
0.15625 1.78480344331741
0.171875 1.68424978179977
0.1875 1.59231483071043
0.203125 1.50766255729333
0.21875 1.42925332982408
0.234375 1.35626200714692
0.25 1.28802251515743
0.265625 1.22398925299675
0.28125 1.16370954539721
0.296875 1.10680355136168
0.3125 1.05294933081101
0.328125 1.00187155716158
0.34375 0.953332856940169
0.359375 0.907127075027597
0.375 0.863073973346876
0.390625 0.821015011615264
0.40625 0.780809955348568
0.421875 0.742334123685059
0.4375 0.705476137352132
0.453125 0.670136061434348
0.46875 0.636223862617527
0.484375 0.603658119031139
0.5 0.572364934570578
0.515625 0.542277019950144
0.53125 0.513332910629305
0.546875 0.485476297814979
0.5625 0.458655453436564
0.578125 0.432822733654851
0.59375 0.407934148348516
0.609375 0.383948986304727
0.625 0.360829487661416
0.640625 0.338540556609152
0.65625 0.31704950854009
0.671875 0.296325846788364
0.6875 0.276341064887473
0.703125 0.257068470910832
0.71875 0.238483030989686
0.734375 0.220561229539696
0.75 0.203280944091058
0.765625 0.186621332920586
0.78125 0.170562733938789
0.796875 0.155086573498909
0.8125 0.140175283976298
0.828125 0.125812229119374
0.84375 0.111981636304248
0.859375 0.0986685349361789
0.875 0.0858587003364458
0.890625 0.0735386025349576
0.90625 0.0616953594592935
0.921875 0.0503166940717941
0.9375 0.0393908950588619
0.953125 0.0289067807222884
0.96875 0.0188536657623025
0.984375 0.00922133067655486
1 -1.09350976051914E-08
1.015625 -0.00881972054680919
1.03125 -0.0172467857497881
1.046875 -0.0252898246026789
1.0625 -0.032957110858347
1.078125 -0.0402565931985489
1.09375 -0.0471959131124192
1.109375 -0.0537824215330526
1.125 -0.0600231943354142
1.140625 -0.0659250467887834
1.15625 -0.0714945470482178
1.171875 -0.0767380287615267
1.1875 -0.0816616028612438
1.203125 -0.0862711686048002
1.21875 -0.0905724239203313
1.234375 -0.0945708751105424
1.25 -0.0982718459624626
1.265625 -0.101680486306708
1.28125 -0.104801780066295
1.296875 -0.107640552831553
1.3125 -0.110201478994666
1.328125 -0.112489088474667
1.34375 -0.114507773061187
1.359375 -0.116261792402925
1.375 -0.11775527966485
1.390625 -0.118992246876207
1.40625 -0.119976589989621
1.421875 -0.120712093670284
1.4375 -0.121202435832336
1.453125 -0.121451191938849
1.46875 -0.121461839079989
1.484375 -0.121237759843386
1.5 -0.120782245989367
1.515625 -0.120098501943048
1.53125 -0.119189648114205
1.546875 -0.118058724055279
1.5625 -0.116708691466998
1.578125 -0.115142437060597
1.59375 -0.113362775284771
1.609375 -0.111372450925298
1.625 -0.109174141584319
1.640625 -0.106770460046212
1.65625 -0.104163956536213
1.671875 -0.101357120877745
1.6875 -0.0983523845539377
1.703125 -0.0951521226785198
1.71875 -0.0917586558808909
1.734375 -0.0881742521099168
1.75 -0.0844011283607229
1.765625 -0.0804414523284588
1.78125 -0.0762973439927371
1.796875 -0.0719708771364376
1.8125 -0.0674640808019462
1.828125 -0.0627789406881757
1.84375 -0.0579174004911494
1.859375 -0.052881363191022
1.875 -0.0476726922880768
1.890625 -0.0422932129901641
1.90625 -0.036744713353959
1.921875 -0.0310289453821583
1.9375 -0.0251476260787092
1.953125 -0.0191024384640722
1.96875 -0.0128950325522778
1.984375 -0.0065270262915843
2 -1.09350976051914E-08
2.015625 0.00668446598915606
2.03125 0.0135248729169656
2.046875 0.0205197114286153
2.0625 0.0276675109580878
2.078125 0.0349668280390386
2.09375 0.042416245577268
2.109375 0.0500143721485909
2.125 0.0577598413209692
2.140625 0.0656513109999358
2.15625 0.0736874627962801
2.171875 0.0818670014151118
2.1875 0.0901886540654154
2.203125 0.0986511698892117
2.21875 0.107253319409589
2.234375 0.115993893996807
2.25 0.124871705351747
2.265625 0.133885585006059
2.28125 0.143034383838286
2.296875 0.152316971605373
2.3125 0.161732236488976
2.328125 0.171279084655978
2.34375 0.180956439832649
2.359375 0.190763242891986
2.375 0.200698451453684
2.390625 0.210761039496261
2.40625 0.220949996980972
2.421875 0.231264329486894
2.4375 0.241703057857033
2.453125 0.252265217854735
2.46875 0.262949859830343
2.484375 0.273756048397483
2.5 0.284682862118797
2.515625 0.295729393200663
2.53125 0.306894747196695
2.546875 0.318178042719639
2.5625 0.329578411161422
2.578125 0.341094996420991
2.59375 0.352726954639829
2.609375 0.364473453944666
2.625 0.376333674197382
2.640625 0.38830680675164
2.65625 0.400392054216182
2.671875 0.412588630224489
2.6875 0.42489575921061
2.703125 0.437312676190952
2.71875 0.449838626551853
2.734375 0.462472865842745
2.75 0.4752146595747
2.765625 0.48806328302421
2.78125 0.501018021042086
2.796875 0.514078167867141
2.8125 0.527243026944747
2.828125 0.540511910749909
2.84375 0.553884140614844
2.859375 0.567359046560836
2.875 0.580935967134297
2.890625 0.594614249246905
2.90625 0.608393248019626
2.921875 0.622272326630587
2.9375 0.636250856166656
2.953125 0.650328215478557
2.96875 0.664503791039528
2.984375 0.678776976807335
3 0.693147169624848
3.015625 0.707613786991156
3.03125 0.722176240012876
3.046875 0.736833951270095
3.0625 0.751586350184787
3.078125 0.76643287290112
3.09375 0.781372962168507
3.109375 0.796406067227349
3.125 0.811531643697349
3.140625 0.826749153468389
3.15625 0.842058064593813
3.171875 0.857457851186132
3.1875 0.872947993315048
3.203125 0.888527976907708
3.21875 0.904197293651178
3.234375 0.919955440897043
3.25 0.935801921568076
3.265625 0.951736244066961
3.28125 0.967757922186951
3.296875 0.983866475024438
3.3125 1.00006142689342
3.328125 1.01634230724176
3.34375 1.03270865056923
3.359375 1.04915999634724
3.375 1.06569588894029
3.390625 1.08231587752902
3.40625 1.09901951603493
3.421875 1.11580636304647
3.4375 1.1326759817469
3.453125 1.14962793984337
3.46875 1.16666180949764
3.484375 1.18377716725804
3.5 1.20097359399295
3.515625 1.21825067482545
3.53125 1.23560799906941
3.546875 1.25304516016673
3.5625 1.27056175562595
3.578125 1.2881573869619
3.59375 1.3058316596367
3.609375 1.32358418300175
3.625 1.34141457024097
3.640625 1.35932243831504
3.65625 1.37730740790677
3.671875 1.39536910336748
3.6875 1.41350715266439
3.703125 1.43172118732906
3.71875 1.45001084240671
3.734375 1.46837575640659
3.75 1.48681557125318
3.765625 1.50532993223837
3.78125 1.5239184879745
3.796875 1.54258089034822
3.8125 1.56131679447529
3.828125 1.58012585865606
3.84375 1.59900774433197
3.859375 1.61796211604258
3.875 1.63698864138361
3.890625 1.65608699096556
3.90625 1.67525683837315
3.921875 1.6944978601255
3.9375 1.71380973563693
3.953125 1.73319214717853
3.96875 1.75264477984034
3.984375 1.77216732149429
4 1.79175945829296
4.015625 1.81142089253637
4.03125 1.83115131571653
4.046875 1.85095042647417
4.0625 1.87081792605563
4.078125 1.89075351827944
4.09375 1.91075690950337
4.109375 1.93082780859217
4.125 1.95096592688571
4.140625 1.97117097816779
4.15625 1.99144267863535
4.171875 2.01178074686825
4.1875 2.03218490379959
4.203125 2.05265487268644
4.21875 2.07319037908109
4.234375 2.09379115080274
4.25 2.11445691790972
4.265625 2.1351874126721
4.28125 2.15598236954475
4.296875 2.17684152514083
4.3125 2.19776461820576
4.328125 2.21875138959152
4.34375 2.23980158223141
4.359375 2.26091494111523
4.375 2.28209121326478
4.390625 2.30333014770981
4.40625 2.32463149546435
4.421875 2.3459950095033
4.4375 2.36742044473959
4.453125 2.38890755800145
4.46875 2.41045610801025
4.484375 2.43206585535849
4.5 2.45373656248832
4.515625 2.4754679936702
4.53125 2.49725991498202
4.546875 2.51911209428846
4.5625 2.54102430122072
4.578125 2.56299630715647
4.59375 2.58502788520022
4.609375 2.60711881016387
4.625 2.62926885854761
4.640625 2.65147780852107
4.65625 2.6737454399048
4.671875 2.69607153415196
4.6875 2.71845587433033
4.703125 2.74089824510452
4.71875 2.76339843271851
4.734375 2.78595622497843
4.75 2.8085714112355
4.765625 2.83124378236935
4.78125 2.85397313077151
4.796875 2.8767592503291
4.8125 2.89960193640882
4.828125 2.92250098584112
4.84375 2.94545619690466
4.859375 2.96846736931089
4.875 2.99153430418892
4.890625 3.01465680407059
4.90625 3.03783467287573
4.921875 3.06106771589761
4.9375 3.08435573978868
4.953125 3.10769855254638
4.96875 3.13109596349921
4.984375 3.15454778329305
5 3.17805381941285
5.015625 3.20161389407192
5.03125 3.22522781727848
5.046875 3.24889540481404
5.0625 3.27261647371149
5.078125 3.29639084224246
5.09375 3.3202183299048
5.109375 3.34409875741026
5.125 3.36803194667236
5.140625 3.39201772079434
5.15625 3.41605590405737
5.171875 3.44014632190882
5.1875 3.46428880095078
5.203125 3.48848316892861
5.21875 3.51272925471979
5.234375 3.53702688832277
5.25 3.56137590084605
5.265625 3.58577612449739
5.28125 3.61022739257315
5.296875 3.63472953944773
5.3125 3.65928240056324
5.328125 3.68388581241918
5.34375 3.70853961256238
5.359375 3.73324363957692
5.375 3.75799773307436
5.390625 3.78280173368389
5.40625 3.80765548304279
5.421875 3.83255882378686
5.4375 3.85751159954112
5.453125 3.88251365491043
5.46875 3.90756483547043
5.484375 3.93266498775844
5.5 3.95781395926459
5.515625 3.98301159842296
5.53125 4.00825775460287
5.546875 4.03355227810028
5.5625 4.05889502012933
5.578125 4.08428583281386
5.59375 4.10972456917923
5.609375 4.13521108314402
5.625 4.160745229512
5.640625 4.1863268639641
5.65625 4.21195584305053
5.671875 4.23763202418298
5.6875 4.26335526562686
5.703125 4.28912542649372
5.71875 4.31494236673371
5.734375 4.34080594712812
5.75 4.36671602928205
5.765625 4.39267247561709
5.78125 4.41867514936422
5.796875 4.44472391455663
5.8125 4.47081863602272
5.828125 4.49695917937919
5.84375 4.52314541102418
5.859375 4.54937719813045
5.875 4.57565440863873
5.890625 4.60197691125108
5.90625 4.62834457542431
5.921875 4.65475727136358
5.9375 4.68121487001592
5.953125 4.70771724306398
5.96875 4.73426426291971
5.984375 4.76085580271822
6 4.78749173184695
6.015625 4.81417193384226
6.03125 4.84089627946321
6.046875 4.86766464467702
6.0625 4.89447690614415
6.078125 4.92133294121252
6.09375 4.94823262791183
6.109375 4.97517584494784
6.125 5.00216247169683
6.140625 5.02919238820004
6.15625 5.05626547515823
6.171875 5.08338161392622
6.1875 5.11054068650759
6.203125 5.13774257554938
6.21875 5.16498716433682
6.234375 5.19227433678816
6.25 5.21960397744958
6.265625 5.24697597149008
6.28125 5.27439020469649
6.296875 5.30184656346851
6.3125 5.32934493481377
6.328125 5.35688520634303
6.34375 5.38446726626531
6.359375 5.41209100338319
6.375 5.43975630708809
6.390625 5.46746306735557
6.40625 5.49521117474084
6.421875 5.52300052037405
6.4375 5.55083099595592
6.453125 5.57870249375319
6.46875 5.60661490659421
6.484375 5.63456812786463
6.5 5.66256205150302
6.515625 5.69059657199659
6.53125 5.71867158437697
6.546875 5.74678698421603
6.5625 5.77494266762169
6.578125 5.80313853123383
6.59375 5.83137447222026
6.609375 5.85965038827263
6.625 5.88796617760248
6.640625 5.91632173893731
6.65625 5.94471697151663
6.671875 5.97315177508816
6.6875 6.00162604990393
6.703125 6.03013969671654
6.71875 6.05869261677541
6.734375 6.08728471182302
6.75 6.11591588409131
6.765625 6.14458603629795
6.78125 6.17329507164282
6.796875 6.20204289380439
6.8125 6.23082940693619
6.828125 6.25965451566333
6.84375 6.28851812507904
6.859375 6.31742014074119
6.875 6.34636046866895
6.890625 6.37533901533941
6.90625 6.40435568768423
6.921875 6.43341039308633
6.9375 6.46250303937668
6.953125 6.49163353483101
6.96875 6.52080178816662
6.984375 6.55000770853919
7 6.579251201075
7.015625 6.60853218477037
7.03125 6.63785056556837
7.046875 6.66720625434713
7.0625 6.69659916240775
7.078125 6.7260292014713
7.09375 6.75549628367585
7.109375 6.78500032157354
7.125 6.81454122812762
7.140625 6.84411891670963
7.15625 6.87373330109649
7.171875 6.90338429546767
7.1875 6.9330718144024
7.203125 6.9627957728769
7.21875 6.99255608626158
7.234375 7.02235267031836
7.25 7.05218544119789
7.265625 7.08205431543698
7.28125 7.11195920995584
7.296875 7.14190004205552
7.3125 7.17187672941525
7.328125 7.2018891900899
7.34375 7.23193734250737
7.359375 7.26202110546611
7.375 7.29214039813258
7.390625 7.3222951400387
7.40625 7.35248525107952
7.421875 7.38271065151061
7.4375 7.41297126194578
7.453125 7.44326700335455
7.46875 7.47359779705986
7.484375 7.50396356473566
7.5 7.53436422840461
7.515625 7.56479971043572
7.53125 7.59526993354206
7.546875 7.62577482077849
7.5625 7.65631429553943
7.578125 7.68688828155654
7.59375 7.7174967028966
7.609375 7.74813948395923
7.625 7.77881654947477
7.640625 7.80952782450205
7.65625 7.84027323442633
7.671875 7.87105270495711
7.6875 7.90186616212605
7.703125 7.93271353228489
7.71875 7.96359474210334
7.734375 7.9945097185671
7.75 8.02545838897575
7.765625 8.05644068094076
7.78125 8.08745652238355
7.796875 8.1185058415334
7.8125 8.14958856692555
7.828125 8.18070462739925
7.84375 8.21185395209581
7.859375 8.24303647045669
7.875 8.27425211222159
7.890625 8.30550080742659
7.90625 8.33678248640225
7.921875 8.36809707977179
7.9375 8.39944451844924
7.953125 8.43082473363758
7.96875 8.46223765682701
7.984375 8.49368321979309
8 8.52516135013032
8.015625 8.55667198915296
8.03125 8.58821506497307
8.046875 8.61979051049014
8.0625 8.65139825888031
8.078125 8.68303824359466
8.09375 8.71471039835753
8.109375 8.74641465716482
8.125 8.77815095428234
8.140625 8.80991922424417
8.15625 8.841719401851
8.171875 8.87355142216854
8.1875 8.90541522052587
8.203125 8.93731073251388
8.21875 8.96923789398365
8.234375 9.00119664104492
8.25 9.03318691006447
8.265625 9.06520863766466
8.28125 9.09726176072182
8.296875 9.12934621636475
8.3125 9.16146194197323
8.328125 9.1936088751765
8.34375 9.2257869538518
8.359375 9.25799611612286
8.375 9.29023630035846
8.390625 9.32250744517096
8.40625 9.35480948941493
8.421875 9.38714237218558
8.4375 9.41950603281753
8.453125 9.45190041088322
8.46875 9.48432544619164
8.484375 9.5167810787869
8.5 9.54926724894688
8.515625 9.58178389718181
8.53125 9.61433096423298
8.546875 9.64690839107139
8.5625 9.67951611889639
8.578125 9.71215408913435
8.59375 9.74482224343742
8.609375 9.77752052368215
8.625 9.81024887196824
8.640625 9.84300723061725
8.65625 9.87579554217133
8.671875 9.90861374939196
8.6875 9.94146179525869
8.703125 9.97433962296791
8.71875 10.0072471759316
8.734375 10.0401843977761
8.75 10.073151232341
8.765625 10.1061476236777
8.78125 10.1391735160485
8.796875 10.1722288539252
8.8125 10.2053135819881
8.828125 10.2384276451244
8.84375 10.2715709884279
8.859375 10.3047435571968
8.875 10.3379452969333
8.890625 10.3711761533423
8.90625 10.40443607233
8.921875 10.4377250000033
8.9375 10.471042882668
8.953125 10.5043896668284
8.96875 10.5377652991857
8.984375 10.5711697266371
9 10.6046028918102
9.015625 10.6380647509641
9.03125 10.6715552470686
9.046875 10.7050743277942
9.0625 10.7386219410022
9.078125 10.7721980347434
9.09375 10.8058025572573
9.109375 10.839435456971
9.125 10.8730966824981
9.140625 10.9067861826379
9.15625 10.940503906374
9.171875 10.9742498028738
9.1875 11.0080238214872
9.203125 11.0418259117458
9.21875 11.0756560233617
9.234375 11.1095141062266
9.25 11.1434001104111
9.265625 11.1773139861633
9.28125 11.2112556839083
9.296875 11.245225154247
9.3125 11.2792223479552
9.328125 11.3132472159827
9.34375 11.3472997094523
9.359375 11.3813797796592
9.375 11.4154873780696
9.390625 11.4496224563202
9.40625 11.483784966217
9.421875 11.5179748597349
9.4375 11.5521920890162
9.453125 11.58643660637
9.46875 11.6207083642716
9.484375 11.6550073153612
9.5 11.6893334124431
9.515625 11.7236866084854
9.53125 11.7580668566182
9.546875 11.7924741101337
9.5625 11.8269083224847
9.578125 11.8613694472842
9.59375 11.8958574383043
9.609375 11.9303722494754
9.625 11.9649138348857
9.640625 11.9994821487799
9.65625 12.0340771455589
9.671875 12.0686987797787
9.6875 12.1033470061496
9.703125 12.1380217795355
9.71875 12.1727230549532
9.734375 12.2074507875715
9.75 12.2422049327105
9.765625 12.2769854458407
9.78125 12.3117922825826
9.796875 12.3466253987053
9.8125 12.3814847501265
9.828125 12.4163702929112
9.84375 12.4512819832714
9.859375 12.4862197775648
9.875 12.5211836322948
9.890625 12.5561735041089
9.90625 12.591189349799
9.921875 12.6262311262996
9.9375 12.6612987906882
9.953125 12.6963923001835
9.96875 12.7315116121456
9.984375 12.7666566840748
10 12.8018274736111


2 1
3 2
4 6
5 24
6 120
7 720
8 5040
9 40320
10 362880
11 3628800
