1E-05 9.9999E-06 9.9999000005E-06
7.09742532601469E-05 7.09692160277313E-05 7.09692160942777E-05
0.000130094857808339 0.000130077934126407 0.000130077934237169
0.000202511164091928 0.000202470157301762 0.000202470157472635
0.000290901818196663 0.000290817206381063 0.000290817206636258
0.000395883441239589 0.000395726748189148 0.000395726748558606
0.000517400645580438 0.000517133010877284 0.000517133011395411
0.000655157600141973 0.00065472850853255 0.000654728509237381
0.000808778683699289 0.000808124824256499 0.000808124825189137
0.000977872305266416 0.000976916537201895 0.000976916538406142
0.00116205674342133 0.00116070715032714 0.00116070715184926
0.0013609702169296 0.0013591192349597 0.00135911923684832
0.00157427414456917 0.00157179775295016 0.00157179775525619
0.00180165340622473 0.00179841037073957 0.00179841037351626
0.00204281530367067 0.00203864646553229 0.0020386464688353
0.00229748800500002 0.00229221560892741 0.00229221561281497
0.00256541884178564 0.00255884589819456 0.00255884590272762
0.0028463726319909 0.0028382823090799 0.00283828231432235
0.00314013010597542 0.00313028514817835 0.00313028515419731
0.00344648646554872 0.00343462863537672 0.00343462864224281
0.00376525008242288 0.00375109962316403 0.00375109963095168
0.00409624133105209 0.00407949644815851 0.00407949645694635
0.00443929154571038 0.00441962790499948 0.00441962791487073
0.00479424208991133 0.00477131233095262 0.00477131234199547
0.00516094352601532 0.00513437678927849 0.00513437680158661
0.00553925487359572 0.00550865634010682 0.00550865635377978
0.00592904294608098 0.00589399338847821 0.00589399340362201
0.00633018175632213 0.00629023710032552 0.00629023711705316
0.00674255198281048 0.00669724287822529 0.00669724289665729
0.00716604048932163 0.00711487188978523 0.00711487191005025
0.00760053989164169 0.00754299064240228 0.00754299066463775
0.00804594816587575 0.00798147059895908 0.00798147062331181
0.00850216829354335 0.00843018782972295 0.00843018785634988
0.00896910793926957 0.00888902269630817 0.00888902272537702
0.00944667915747112 0.00935785956414634 0.00935785959583637
0.00993479812481404 0.00983658654028238 0.00983658657478518
0.0104333848956913 0.0103250952337803 0.0103250952713006
0.0109423631782966 0.0108232805363468 0.0108232805771031
0.0114616601291607 0.0113310404210671 0.0113310404652929
0.0119912061642459 0.0118482757573759 0.0118482758053202
0.0125309347849901 0.0123748901406757 0.0123748901926042
0.013080782417808 0.0129107897351317 0.0129107897913277
0.0136406882657801 0.0134558831283937 0.0134558831891588
0.0142105941713599 0.0140100811970897 0.0140100812627452
0.0147904444891144 0.0145732969821245 0.0145732970530122
0.0153801859675504 0.0151454455728476 0.0151454456493307
0.0159797676392563 0.0157264439993338 0.0157264440817986
0.0165891407186231 0.0163162111320515 0.0163162112209079
0.0172082585064663 0.0169146675882516 0.0169146676839345
0.0178370763010166 0.0175217356445533 0.0175217357475239
0.0184755513147103 0.0181373391551684 0.0181373392659152
0.0191236425963467 0.0187614034753376 0.018761403594378
0.0197813109581573 0.0193938553895331 0.0193938555174142
0.0204485189073903 0.0200346230440365 0.0200346231813368
0.0211252305821188 0.0206836358836079 0.0206836360309386
0.0218114116908876 0.0213408245918659 0.021340824749872
0.022507029455962 0.0220061210351478 0.0220061212045101
0.0232120525598775 0.0226794582095557 0.0226794583909917
0.0239264510950803 0.0233607701909798 0.0233607703852455
0.024650196516417 0.0240499920878651 0.0240499922957562
0.0253832615962833 0.0247470599965332 0.0247470602188871
0.0261256203823061 0.0254519109589362 0.0254519111966334
0.0268772481572399 0.0261644829225327 0.0261644831764982
0.0276381214010902 0.0268847147022953 0.0268847149735007
0.0284082177552352 0.0276125459446281 0.027612546234093
0.029187515988439 0.028347917093087 0.0283479174018807
0.0299759959646209 0.0290907693557746 0.0290907696850183
0.0307736386122443 0.0298410446742738 0.0298410450251419
0.0315804258953545 0.0305986856941464 0.0305986860678685
0.0323963407859703 0.0313636357367136 0.0313636361345767
0.0332213672379138 0.032135838772197 0.032135839195547
0.0340554901618895 0.0329152393940372 0.0329152398442812
0.0348986954018198 0.0337017827943962 0.0337017832730041
0.03575096971226 0.0344954147406722 0.0344954152491794
0.0366123007369727 0.0352960815531025 0.0352960820931115
0.037482676988464 0.0361037300832644 0.0361037306564468
0.0383620878284776 0.0369183076934696 0.0369183083015687
0.0392505234494595 0.0377397622370616 0.0377397628818945
0.0401479748568349 0.0385680420394655 0.0385680427229251
0.0410544338520906 0.039403095879984 0.0394030966040415
0.0419698930166607 0.0402448729743325 0.0402448737410399
0.0428943456965542 0.0410933229578581 0.0410933237693503
0.0438277859876443 0.041948395869363 0.0419483967278603
0.0447702087216296 0.0428100421355428 0.0428100430433533
0.0457216094526452 0.0436782125560153 0.0436782135155378
0.0466819844444262 0.0445528582888509 0.044552859302577
0.0476513306580964 0.0454339308366674 0.0454339319071844
0.0486296457404627 0.0463213820331796 0.0463213831631729
0.0496169280128172 0.0472151640302039 0.0472151652224601
0.0506131764602598 0.0481152292851277 0.0481152305425369
0.0516183907214736 0.0490215305487798 0.0490215318743389
0.0526325710789347 0.0499340208536867 0.0499340222505016
0.0536557184495835 0.0508526535027332 0.0508526549740222
0.0546878343758467 0.0517773820581302 0.051777383607227
0.0557289210171434 0.0527081603308068 0.0527081619611631
0.0567789811416535 0.053644942370025 0.0536449440852139
0.0578380181185392 0.0545876824533889 0.054587684257108
0.0589060359104594 0.0555363350771029 0.055536336973177
0.0599830390663966 0.0564908549464942 0.0564908569388791
0.0610690327148518 0.0574511969668506 0.057451199059636
0.0621640225572896 0.0584173162344645 0.0584173184318774
0.0632680148619188 0.05938916802796 0.0593891703343681
0.0643810164576987 0.0603667077998043 0.0603667102197196
0.0655030347286388 0.061349891168062 0.061349893706144
0.06663407760839 0.0623386739083891 0.0623386765694485
0.0677741535750207 0.063333011946173 0.0633330147351752
0.0689232716460547 0.0643328613488849 0.0643328642709537
0.0700814413737236 0.0653381783186013 0.0653381813790227
0.0712486728404873 0.0663489191847419 0.0663489223889679
0.0724249766547197 0.0673650403969325 0.0673650437505849
0.0736103639465821 0.0683864985180117 0.0683865020268857
0.0748048463641593 0.069413250217246 0.0694132538873147
0.0760084360696908 0.0704452522636075 0.0704452561010256
0.0772211457360957 0.0714824615192846 0.0714824655303924
0.0784429885435457 0.072524834933213 0.0725248391245411
0.0796739781763351 0.0735723295348426 0.0735723339131154
0.0809141288198007 0.0746249024279235 0.074624907000064
0.0821634551574863 0.0756825107844814 0.0756825155576153
0.0834219723684152 0.0767451118388621 0.0767451168203225
0.0846896961245049 0.0778126628818752 0.0778126680792069
0.0859666425881076 0.0788851212550229 0.0788851266759869
0.0872528284097721 0.0799624443448916 0.0799624499974699
0.0885482707260392 0.0810445895775509 0.081044595469951
0.0898529871574258 0.0821315144130865 0.0821315205537466
0.0911669958064725 0.0832231763401646 0.083223182737758
0.0924903152559651 0.0843195328707177 0.0843195395341581
0.0938229645672511 0.0854205415346865 0.0854205484731326
0.0951649632786836 0.0865261598748426 0.0865261670977037
0.0965163314041053 0.087636345441623 0.0876363529585637
0.0978770894315221 0.0887510557880955 0.0887510636090411
0.0992472583218544 0.0898702484649645 0.0898702566001066
0.100626859507704 0.0909938810155658 0.0909938894753672
0.102015914892317 0.0921219109709989 0.0921219197661996
0.103414446848613 0.0932542958452853 0.0932543049869077
0.104822478218238 0.0943909931305283 0.094391002629883
0.106240032310764 0.0955319602921606 0.0955319701608522
0.107667132902941 0.0966771547642156 0.0966771650141483
0.109103804238031 0.0978265339446368 0.0978265445880205
0.110550071025193 0.0989800551906092 0.0989800662399657
0.112005958439021 0.10013767581398 0.100137687282149
0.11347149211904 0.101299353076637 0.101299364976781
0.114946698169304 0.102465044185924 0.102465056531537
0.116431603158108 0.103634706290142 0.103634719095054
0.117926234117664 0.10480829647399 0.104808309752375
0.11943061854393 0.105985771754101 0.105985785520482
0.120944784396459 0.107167089074575 0.107167103343831
0.122468760098259 0.108352205302501 0.108352220089874
0.124002574535744 0.109541077223513 0.109541092544616
0.125546257058681 0.110733661537341 0.110733677408163
0.127099837480253 0.111929914853416 0.11192993129033
0.12866334607717 0.113129793686494 0.113129810706264
0.130236813589682 0.114333254452188 0.114333272071976
0.131820271221732 0.115540253462578 0.115540271699955
0.133413750641213 0.116750746921895 0.11675076579484
0.135017283980084 0.117964690922058 0.117964710448975
0.136630903834612 0.119182041438309 0.11918206163803
0.138254643265618 0.120402754324818 0.12040277521661
0.139888535798774 0.121626785310317 0.121626806913891
0.141532615424927 0.12285408999373 0.122854112329251
0.143186916600324 0.124084623839721 0.124084646927816
0.144851474246998 0.125318342174343 0.125318366036103
0.146526323753049 0.126555200180591 0.126555224837589
0.148211500973004 0.127795152894008 0.127795178368301
0.149907042228216 0.1290381551983 0.12903818151244
0.151612984307089 0.130284161820817 0.130284188997858
0.153329364465531 0.131533127328185 0.131533155391694
0.155056220427242 0.132785006121812 0.132785035095877
0.156793590384055 0.134039752433422 0.134039782342663
0.158541512996269 0.135297320320583 0.135297351190157
0.160300027392855 0.136557663662127 0.136557695517741
0.162069173171907 0.137820736153748 0.13782076902167
0.163848990400815 0.139086491303403 0.139086525210465
0.165639519616513 0.14035488242675 0.140354917400366
0.167440801825723 0.141625862642602 0.141625898710772
0.169252878505126 0.142899384868318 0.142899422059641
0.171075791601489 0.144175401815172 0.144175440158856
0.172909583531817 0.145453865983742 0.145453905509614
0.174754297183376 0.146734729659225 0.14673477039774
0.176609975913787 0.148017944906794 0.148017986889048
0.178476663550874 0.149303463566814 0.149303506824555
0.180354404392749 0.150591237250227 0.150591281815865
0.182243243207569 0.15188121733372 0.151881263240337
0.184143225233301 0.153173354954936 0.153173402236298
0.186054396177522 0.154467601007704 0.154467649698275
0.187976802217095 0.155763906137235 0.155763956272185
0.189910489997654 0.157062220735192 0.15706227235041
0.191855506633221 0.158362494934888 0.158362548066997
0.193811899705486 0.159664678606294 0.159664733292658
0.19577971726328 0.160968721351199 0.160968777629939
0.197759007821658 0.162274572498153 0.162274630408156
0.199749820361133 0.163582181097556 0.163582240678493
0.201752204326673 0.164891495916627 0.16489155720896
0.203766209626567 0.166202465434339 0.166202528479336
0.205791886631234 0.167515037836363 0.167515102676114
0.207829286171935 0.168829161010012 0.168829227687439
0.209878459539204 0.170144782539058 0.170144851097929
0.211939458481391 0.171461849698674 0.171461920183617
0.214012335202779 0.172780309450188 0.172780381906704
0.21609714236184 0.174100108435983 0.174100182910462
0.218193933069125 0.175421192974239 0.175421269513974
0.220302760885007 0.176743509053677 0.176743587706874
0.222423679817396 0.178067002328348 0.178067083144148
0.224556744319183 0.179391618112362 0.17939170114085
0.226702009285481 0.180717301374573 0.180717386666795
0.228859530050756 0.182043996733298 0.182044084341275
0.231029362385697 0.183371648450984 0.183371738427728
0.233211562493946 0.18470020042889 0.184700292828422
0.235406187008507 0.186029596201702 0.186029691079063
0.237613292988055 0.187359778932197 0.187359876343468
0.239832937912972 0.188690691405882 0.188690791408196
0.242065179681189 0.190022276025633 0.190022378677196
0.244310076603623 0.191354474806257 0.191354580166362
0.246567687399645 0.192687229369195 0.192687337498239
0.248838071192021 0.194020480937082 0.194020591896581
0.251121287501779 0.195354170328419 0.195354284181029
0.253417396242648 0.196688237952164 0.196688354761696
0.25572645771532 0.198022623802393 0.198022743633829
0.258048532601403 0.199357267452966 0.199357390372481
0.260383681957066 0.200692108052206 0.200692234127183
0.262731967206303 0.20202708431756 0.202027213616607
0.265093450133985 0.203362134530339 0.20336226712331
0.267468192878569 0.204697196530485 0.204697332488497
0.26985625792429 0.206032207711269 0.206032347106721
0.272257708093397 0.207367105014241 0.207367247920833
0.274672606537559 0.208701824923963 0.208701971416716
0.277101016729269 0.210036303462989 0.210036453618263
0.279543002452698 0.211370476186798 0.211370630082313
0.281998627794223 0.212704278178826 0.212704435893679
0.284467957132529 0.214037644045531 0.21403780566022
0.286951055128343 0.215370507911559 0.215370673508
0.289447986713805 0.216702803415006 0.216702973076555
0.291958817081259 0.218034463702678 0.21803463751415
0.294483611671716 0.219365421425499 0.21936559947319
0.297022436162984 0.220695608734066 0.220695791105775
0.299575356457207 0.222024957274243 0.222025144059291
0.302142438667905 0.223353398182832 0.223353589472084
0.304723749106764 0.224680862083488 0.224681057969375
0.307319354269754 0.226007279082651 0.226007479659192
0.309929320822898 0.227332578765692 0.227332784128514
0.312553715587462 0.228656690193148 0.228656900439511
0.315192605524664 0.229979541897134 0.229979757125952
0.317846057720047 0.231301061877992 0.231301282189854
0.320514139367093 0.232621177601003 0.232621403098198
0.323196917750506 0.233939815993362 0.233940046779901
0.325894460228924 0.235256903441341 0.235257139622979
0.328606834217101 0.236572365787647 0.236572607471908
0.331334107167658 0.237886128329051 0.237886375625248
0.334076346552111 0.239198115814155 0.239198368833419
0.336833619841575 0.240508252441511 0.240508511296808
0.339605994486842 0.241816461857944 0.241816726664105
0.342393537897851 0.243122667157123 0.243122938030863
0.345196317422833 0.244426790878506 0.244427067938451
0.348014400326726 0.245728755006498 0.245729038373207
0.350847853769144 0.24702848096996 0.24702877076595
0.353696744781815 0.248325889642039 0.248326185991813
0.356561140245527 0.249620901340367 0.249621204370433
0.359441106866429 0.250913435827547 0.250913745666445
0.362336711151974 0.252203412312088 0.252203729090414
0.36524801938626 0.25349074944968 0.253491073300114
0.36817509760487 0.254775365344878 0.254775696402203
0.371118011569286 0.25605717755322 0.256057515954353
0.374076826740763 0.257336103083764 0.257336448967777
0.377051608253806 0.258612058402092 0.258612411910238
0.380042420889094 0.259884959433746 0.259885320709485
0.383049329046029 0.261154721568165 0.261155090757187
0.386072396714944 0.262421259663153 0.262421636913406
0.389111687448752 0.263684488049797 0.263684873511512
0.392167264334242 0.264944320537927 0.264944714363639
0.39523918996325 0.266200670422209 0.266201072766787
0.398327526403144 0.267453450488663 0.267453861509333
0.401432335167216 0.268702573021846 0.268702992878215
0.404553677184788 0.269947949812616 0.269948378666701
0.407691612771074 0.271189492166521 0.271189930182768
0.410846201596666 0.272427110912729 0.272427558258043
0.414017502657028 0.273660716413689 0.273661173257458
0.417205574241748 0.274890218575399 0.274890685089517
0.420410473903722 0.276115526858356 0.276116003217247
0.423632258428237 0.277336550289168 0.277337036669816
0.426870983801994 0.278553197472862 0.278553694054827
0.430126705182294 0.279765376605926 0.279765883571375
0.433399476866012 0.280972995489985 0.280973513023715
0.436689352259001 0.282175961546306 0.282176489835765
0.439996383845405 0.283374181830953 0.283374721066266
0.443320623157318 0.284567563050725 0.284568113424716
0.44666212074464 0.285756011579825 0.285756573288045
0.45002092614526 0.28693943347729 0.286940006718033
0.453397087855596 0.288117734505163 0.288118319479493
0.45679065330172 0.289290820147494 0.289291417059269
0.460201668810774 0.290458595630027 0.290459204685919
0.463630179583001 0.291620965940684 0.2916215873502
0.467076229664352 0.292777835850787 0.292778469826293
0.470539861920008 0.293929109937141 0.293929756693884
0.474021118008374 0.295074692604771 0.295075352360896
0.477520038355969 0.296214488110443 0.296215161087021
0.481036662133213 0.297348400586951 0.297349087007991
0.484571027231168 0.298476334068126 0.298477034160604
0.48812317023929 0.299598192514593 0.299598906508464
0.491693126424191 0.3007138798402 0.300714607968421
0.495280929709687 0.301823299939207 0.301824042437756
0.49888661265787 0.302926356714088 0.302927113821983
0.502510206451613 0.304022954104049 0.304023726063365
0.506151740878405 0.305112996114186 0.305113783170072
0.509811244315514 0.306196386845229 0.306197189245928
0.513488743716686 0.307273030523909 0.307273848520774
0.517184264600307 0.308342831533869 0.308343665381376
0.520897831039292 0.309405694447143 0.309406544402914
0.524629465652602 0.310461524056149 0.31046239038096
0.528379189598256 0.311510225406078 0.311511108363879
0.53214702256841 0.312551703827816 0.312552603685746
0.535932982786083 0.313585864971221 0.313586781999618
0.53973708700383 0.314612614838776 0.314613549311193
0.543559350504129 0.315631859819514 0.315632812012735
0.547399787102007 0.316643506723301 0.31664447691735
0.551258409149478 0.317647462815301 0.317648451293454
0.555135227542046 0.318643635850637 0.318644642899438
0.559030251727139 0.319631934109167 0.319632960018434
0.562943489714882 0.32061226643041 0.320613311493251
0.566874948090725 0.321584542248456 0.321585606761275
0.570824632030322 0.322548671626891 0.322549755889401
0.574792545316405 0.323504565293634 0.323505669608866
0.578778690357946 0.324452134675693 0.324453259350003
0.582783068211286 0.325391291933701 0.325392437276781
0.586805678603599 0.32632194999629 0.326323116321175
0.590846519958237 0.327244022594115 0.327245210217193
0.594905589422344 0.328157424293589 0.328158633534605
0.598982882896459 0.329062070530203 0.329063301712267
0.603078395066264 0.329957877641416 0.329959131091012
0.607192119436329 0.330844762899045 0.330846038946034
0.611324048365746 0.331722644541073 0.331723943518701
0.615474173105894 0.33259144180289 0.332592764047794
0.619642483839959 0.333451074947845 0.333452420800056
0.623828969724378 0.334301465297098 0.334302835100047
0.628033618932089 0.335142535258714 0.335143929359238
0.632256418697416 0.335974208355932 0.335975627104277
0.636497355362836 0.336796409254614 0.336797853004438
0.640756414427143 0.33760906378975 0.337610532898132
0.6450335805952 0.338412098991045 0.338413593818482
0.649328837829193 0.339205443107509 0.339206964017924
0.653642169401236 0.339989025631036 0.339990572991781
0.65797355794731 0.340762777318924 0.340764351500782
0.662322985522297 0.341526630215279 0.341528231592468
0.666690433656219 0.342280517671314 0.34228214662149
0.671075883411498 0.343024374364491 0.34302603126875
0.675479315441102 0.343758136316474 0.343759821559359
0.679900710047654 0.344481740909904 0.344483454879402
0.684340047243112 0.345195126903915 0.345196869991466
0.688797306809212 0.345898234448439 0.345900007048934
0.693272468358496 0.346591005097248 0.346592807609036
0.697765511395684 0.34727338181973 0.34727521464462
0.702276415379539 0.347945309011395 0.347947172554658
0.706805159784909 0.348606732503102 0.348608627173477
0.711351724164988 0.349257599569003 0.349259525778699
0.715916088213626 0.349897858933209 0.34989981709791
0.720498231827692 0.350527460775186 0.350529451314054
0.725098135169286 0.351146356733873 0.351148380069554
0.729715778727777 0.351754499910548 0.351756556469175
0.734351143381607 0.35235184487044 0.35235393508164
0.739004210459705 0.352938347643115 0.352940471940011
0.743674961802489 0.353513965721636 0.353516124540858
0.748363379822393 0.354078658060542 0.354080851842227
0.753069447563754 0.354632385072632 0.354634614260435
0.75779314876214 0.355175108624621 0.35517737366572
0.762534467902925 0.355706792031654 0.355709093376758
0.767293390279038 0.356227400050727 0.356229738154084
0.772069902048027 0.356736898873051 0.356739274192454
0.776863990288127 0.357235256115367 0.357237669112167
0.781675643053443 0.357722440810266 0.357724891949377
0.786504849428181 0.358198423395539 0.358200913145451
0.791351599579839 0.35866317570259 0.358665704535379
0.796215884811349 0.359116670943953 0.359119239335292
0.801097697612142 0.359558883699953 0.359561492129121
0.805997031708165 0.359989789904539 0.359992438854438
0.810913882110678 0.360409366830337 0.360412056787502
0.815848245163956 0.360817593072956 0.360820324527569
0.82080011859185 0.361214448534592 0.361217221980499
0.825769501543087 0.361599914406964 0.361602730341684
0.830756394635479 0.361973973153622 0.361976832078371
0.835760799998905 0.362336608491674 0.362339510911375
0.840782721317103 0.362687805372963 0.362690751796266
0.845822163868315 0.363027549964737 0.363030540904037
0.850879134564703 0.363355829629849 0.363358865601304
0.85595364199061 0.363672632906526 0.363675714430079
0.861045696439765 0.363977949487751 0.363981077087147
0.866155309951225 0.364271770200284 0.364274944403096
0.871282496344253 0.364554086983367 0.364557308321012
0.876427271252133 0.364824892867142 0.36482816187491
0.881589652154864 0.365084181950826 0.3650874991679
0.886769658410847 0.365331949380667 0.365335315350151
0.891967311287546 0.365568191327724 0.365571606596664
0.897182633991188 0.365792904965489 0.365796370084906
0.902415651695467 0.366006088447398 0.366009603972311
0.907666391569369 0.366207740884249 0.366211307373704
0.912934882804113 0.36639786232156 0.366401480338661
0.918221156639259 0.366576453716894 0.366580123828834
0.923525246387983 0.366743516917181 0.366747239695269
0.928847187461615 0.366899054636049 0.366902830655749
0.934187017393462 0.36704307043121 0.367046900272168
0.939544775861934 0.367175568681898 0.367179452927983
0.944920504713033 0.367296554566407 0.367300493805741
0.950314247982272 0.367406034039726 0.367410028864721
0.955726051916021 0.367504013811299 0.3675080648187
0.961155964992356 0.367590501322944 0.367594609113861
0.966604037941462 0.36766550472691 0.367669669906863
0.9720703237656 0.367729032864133 0.367733256043091
0.977554877758726 0.36778109524267 0.36778537703509
0.98305775752577 0.367821702016337 0.367826043041213
0.988579023001653 0.367850863963575 0.367855264844479
0.994118736470058 0.367868592466534 0.367873053831661
0.999676962582027 0.367874899490398 0.367879421972615
1.00525376837441 0.367869797562963 0.367874381799854
1.01084922328823 0.367853299754463 0.367857946388384
1.01646339918697 0.367825419657672 0.367830129335793
1.02209637037488 0.367786171368261 0.367790944742625
1.02774821361535 0.367735569465443 0.367740407193017
1.03341900814928 0.367673628992898 0.367678531735625
1.03910883571369 0.367600365439974 0.36760533386483
1.0448177805604 0.367515794723184 0.367520829502238
1.05054592947501 0.367419933167993 0.367425034978462
1.05629337179606 0.367312797490895 0.367317967015204
1.0620601994346 0.367194404781783 0.367199642707628
1.06784650689399 0.367064772486614 0.367070079507024
1.07365239129013 0.36692391839037 0.366929295203771
1.07947795237221 0.366771860600306 0.366777307910588
1.08532329254376 0.366608617529498 0.36661413604608
1.09118851688437 0.36643420788067 0.366439798318572
1.09707373317191 0.36624865063032 0.366254313710232
1.10297905190531 0.366051965013121 0.366057701461474
1.10890458632805 0.365844170506612 0.365849981055653
1.11485045245231 0.365625286816157 0.365631172204024
1.12081676908379 0.365395333860185 0.365401294830987
1.1268036578474 0.365154331755699 0.365160369059591
1.13281124321367 0.364902300804043 0.364908415197309
1.13883965252604 0.364639261476936 0.364645453722074
1.14488901602907 0.364365234402756 0.364371505268558
1.15095946689752 0.36408024035307 0.364086590614711
1.15705114126648 0.36378430022941 0.363790730668539
1.16316417826249 0.363477435050282 0.363483946455109
1.1692987200357 0.363159665938409 0.363166259103799
1.17545491179318 0.362831014108186 0.362837689835756
1.18163290183334 0.362491500853366 0.362498259951578
1.18783284158163 0.362141147534939 0.362147990819202
1.19405488562736 0.361779975569219 0.361786903861993
1.20029919176194 0.361408006416131 0.361415020547027
1.20656592101836 0.36102526156767 0.361032362373558
1.21285523771213 0.360631762536551 0.360638950861669
1.21916730948362 0.360227530845018 0.360234807541083
1.22550230734187 0.359812588013824 0.359819953940148
1.23186040571001 0.359386955551361 0.359394411574965
1.23824178247222 0.358950654942933 0.358958201938668
1.24464661902232 0.358503707640167 0.358511346490838
1.25107510031416 0.358046135050555 0.358053866647043
1.25752741491368 0.357577958527109 0.357585783768502
1.26400375505286 0.357099199358131 0.357107119151855
1.27050431668547 0.356609878757084 0.356617894019034
1.27702929954489 0.35611001785255 0.356118129507233
1.28357890720384 0.355599637678273 0.355607846658946
1.29015334713627 0.355078759163279 0.355087066412095
1.29675283078135 0.354547403122053 0.354555809590207
1.30337757360977 0.354005590244769 0.354014096892652
1.31002779519222 0.353453341087569 0.353461948884921
1.31670371927037 0.352890676062874 0.352899385988946
1.32340557383021 0.352317615429713 0.352326428473428
1.3301335911781 0.35173417928407 0.351743096444191
1.33688800801929 0.351140387549228 0.351149409834531
1.34366906553926 0.350536259966111 0.350545388395558
1.35047700948786 0.349921816083597 0.34993105168652
1.35731209026642 0.349297075248809 0.34930641906509
1.36417456301784 0.348662056597354 0.34867150967762
1.37106468771984 0.348016779043516 0.348026342449329
1.37798272928148 0.347361261270371 0.347370936074431
1.38492895764304 0.346695521719839 0.346705309006188
1.39190364787941 0.346019578582626 0.346029479446857
1.39890708030711 0.345333449788072 0.345343465337546
1.40593954059502 0.344637152993879 0.344647284347946
1.41300131987909 0.343930705575707 0.343940953865935
1.42009271488106 0.343214124616622 0.343224490987028
1.4272140280314 0.34248742689638 0.342497912503672
1.43436556759666 0.341750628880541 0.341761234894365
1.44154764781128 0.341003746709388 0.341014474312579
1.44876058901419 0.340246796186641 0.340257646575486
1.45600471779026 0.339479792767941 0.339490767152444
1.463280367117 0.338702751549092 0.338713851153252
1.47058787651635 0.337915687254053 0.337926913316142
1.47792759221221 0.337118614222636 0.337129967995498
1.4852998672936 0.336311546397921 0.336323029149262
1.49270506188389 0.335494497313337 0.335506110326039
1.50014354331627 0.334667480079417 0.334679224651854
1.50761568631571 0.333830507370185 0.333842384816547
1.51512187318774 0.332983591409155 0.332995603059785
1.52266249401434 0.332126743954931 0.332138891156672
1.53023794685725 0.33125997628636 0.331272260402907
1.53784863796894 0.330383299187235 0.330395721599507
1.54549498201175 0.329496722930506 0.329509285037021
1.5531774022854 0.328600257261974 0.328612960479237
1.56089633096337 0.327693911383436 0.327706757146344
1.56865220933853 0.32677769393525 0.326790683697504
1.57644548807836 0.32585161297829 0.325864748212822
1.58427662749041 0.324915675975248 0.324928958174662
1.59214609779819 0.323969889771249 0.323983320448275
1.60005437942834 0.323014260573745 0.32302784126171
1.60800196330929 0.322048793931637 0.322062526184946
1.61598935118226 0.321073494713577 0.321087380108215
1.624017055925 0.320088367085428 0.320102407219479
1.63208560188895 0.319093414486804 0.319107610980979
1.64019552525071 0.318088639606641 0.318102994104836
1.64834737437811 0.317074044357773 0.317088558527635
1.65654171021206 0.316049629850422 0.316064305383941
1.66477910666481 0.315015396364537 0.315030234978657
1.6730601510355 0.313971343320953 0.313986346758199
1.68138544444385 0.312917469251254 0.312932639280391
1.68975560228318 0.311853771766298 0.311869110183005
1.69817125469353 0.3107802475233 0.31079575615087
1.70663304705627 0.309696892191403 0.309712572881472
1.71514164051104 0.308603700415652 0.308619555048949
1.72369771249675 0.307500665779238 0.307516696266368
1.73230195731747 0.306387780763958 0.306403989046207
1.74095508673512 0.30526503670873 0.305281424758909
1.74965783059017 0.30413242376609 0.304148993589405
1.75841093745225 0.302989930856496 0.303006684491451
1.7672151753022 0.301837545620344 0.301854485139685
1.7760713322477 0.300675254367527 0.300692381879216
1.7849802172743 0.29950304202438 0.299520359672609
1.79394266103428 0.298320892077837 0.298338402044087
1.8029595166755 0.297128786516631 0.29714649102077
1.8120316607127 0.295926705769346 0.295944607070769
1.82115999394439 0.294714628639055 0.294732729037878
1.83034544241766 0.293492532234405 0.293510834072704
1.83958895844464 0.292260391896805 0.292278897559909
1.84889152167362 0.291018181123537 0.291036893041376
1.85825414021874 0.289765871486425 0.289784792134936
1.86767785185221 0.288503432545807 0.288522564448401
1.8771637252633 0.287230831759422 0.287250177488518
1.88671286138885 0.285948034385891 0.285967596564517
1.89632639482034 0.284655003382347 0.284674784685814
1.90600549529314 0.283351699295803 0.283371702453456
1.91575136926368 0.282038080147785 0.282058307944837
1.92556526158152 0.28071410131167 0.280734556591121
1.93544845726285 0.279379715382245 0.279400401046892
1.94540228337372 0.278034872036774 0.27805579105132
1.95542811103105 0.276679517886973 0.276700673280241
1.96552735753117 0.275313596321088 0.275334991188341
1.97570148861539 0.273937047335328 0.27395868484071
1.9859520208844 0.272549807353698 0.272571690732798
1.99628052437332 0.27115180903528 0.271173941597833
2.00668862530101 0.269742981067881 0.269765366200604
2.01717800900831 0.268323247946828 0.268345889116419
2.02775042310192 0.2668925297376 0.266915430493891
2.03840768082138 0.265450741820853 0.265473905800138
2.04915166464972 0.263997794618171 0.264021225546729
2.05998433018958 0.262533593296776 0.262557294994587
2.07090771032955 0.261058037451177 0.261082013835855
2.08192391972792 0.25957102075952 0.259595275850482
2.0930351596446 0.258072430612149 0.258096968535032
2.10424372315513 0.256562147709558 0.256586972700903
2.11555200078469 0.255040045626646 0.255065162038881
2.12696248660533 0.253505990339699 0.253531402646432
2.13847778484368 0.251959839712207 0.251985552513859
2.15010061705397 0.250401442934954 0.250427460964772
2.16183382991691 0.248830639915397 0.248856968045858
2.1736804037335 0.247247260610559 0.247273903860223
2.18564346169213 0.245651124296941 0.245678087837777
2.19772627999824 0.244042038769971 0.24406932793521
2.20993229896748 0.242419799464597 0.242447419757149
2.2222651351991 0.240784188487186 0.240812145588696
2.23472859496249 0.239134973547612 0.239163273328194
2.24732668894987 0.237471906778635 0.237500555307372
2.26006364857245 0.235794723427619 0.235823726983899
2.27294394400436 0.234103140403332 0.234132505489107
2.28597230421272 0.232396854657622 0.232426588010704
2.29915373925121 0.230675541378443 0.230705649986931
2.31249356514263 0.228938851966526 0.228969343084513
2.32599743173258 0.227186411763118 0.22721729292782
2.33967135396577 0.225417817490232 0.225449096540717
2.35352174712123 0.223632634357434 0.223664319455147
2.36755546664468 0.221830392780443 0.22186249243175
2.38177985334371 0.220010584645644 0.220043107726689
2.39620278486786 0.218172659041036 0.218205614825201
2.41083273459092 0.216316017357058 0.216349415545408
2.42567883925789 0.214440007639306 0.214473858394464
2.44075097706779 0.212543918048059 0.212578232032009
2.45605985825797 0.210626969244901 0.210661757661376
2.47161713076057 0.208688305482258 0.208723580124427
2.48743550415795 0.206726984113765 0.206762757418154
2.50352889601917 0.204741963167826 0.204778248275563
2.51991260583407 0.202732086526176 0.202768897352934
2.536603523273 0.200696066115147 0.200733417431475
2.5536203795499 0.198632460335 0.19867036785915
2.57098405347189 0.196539647702587 0.196578128208541
2.5887179476634 0.194415794333845 0.194454865777953
2.60684845596861 0.192258813398772 0.19229849506947
2.62540555096699 0.190066313970024 0.190106626666465
2.64442353216221 0.187835535640891 0.187876501888305
2.66394199281605 0.185563263719336 0.185604908031689
2.68400709011422 0.183245717391615 0.183288066596233
2.70467324546879 0.180878399435937 0.180921483080798
2.72600547026241 0.178455889850171 0.178499740723887
2.74808262779185 0.17597155525515 0.176016210064468
2.77100214500679 0.173417127437825 0.173462627711811
2.79488706189672 0.170782070182718 0.170828463514832
2.81989703869351 0.168052586415011 0.168099928230719
2.84624648081691 0.165209976160246 0.165258332346498
2.87423648529006 0.162227729199647 0.162277180247089
2.90431648813572 0.159065888077773 0.159116536129407
2.93721941667868 0.155658627616772 0.155710609859945
2.97432222149399 0.151880941426923 0.151934460330114
3.01901863296858 0.147421027648033 0.147476445074919
3.07870194693366 0.141620600285107 0.141678640009635
3.12085881317078 0.137630040869821 0.137689987460692
3.15842106398635 0.134148408625385 0.13421009623077
3.19256406193475 0.131043931364454 0.131107237101473
3.22593901860176 0.128064433171157 0.128129354647201
3.25782862114037 0.125268178030704 0.125334675590645
3.28827633945894 0.122644251042656 0.122712283659836
3.31750887678528 0.120166956456744 0.120236491414102
3.34575183666969 0.117812253639474 0.117883267336226
3.37318825660742 0.115560986848324 0.115633463351405
3.39995899877021 0.113398472527275 0.113472401932646
3.4261719404247 0.111313438523054 0.111388815626912
3.45191079757319 0.109297090467832 0.109373913782882
3.47724180174759 0.107342425745669 0.107420696790338
3.50221841214012 0.105443755020809 0.105523477804641
3.52688458784782 0.103596371163862 0.103677551810124
3.55127707498999 0.101796317636455 0.101878964100765
3.57542703187735 0.100040223348091 0.100124345205156
3.59936120746801 0.0983251823446391 0.0984107906242484
3.62310281384801 0.0966486642710334 0.0967357713304011
3.64667218503251 0.0950084464050178 0.0950970658285237
3.67008728343687 0.0934025611372163 0.0934927076571864
3.69336409555231 0.0918292547388003 0.0919209441727412
3.71651694551744 0.0902869545330893 0.090380203734002
3.73955874680523 0.0887742424303331 0.0888690692475805
3.76250120654657 0.0872898333538154 0.0873862566026276
3.78535499310387 0.0858325574770189 0.0859305969151624
3.80812987477617 0.0844013454664545 0.0845010217769177
3.83083483557241 0.0829952161211321 0.0830965508999267
3.85347817258543 0.0816132659420638 0.0817162816904273
3.87606757846648 0.080254660270225 0.0803593803906528
3.89861021173309 0.0789186257097243 0.0790250745053753
3.92111275706473 0.07760444361215 0.0777126462892539
3.94358147730064 0.0763114444433021 0.0764214271162704
3.96602225851561 0.0750390028884198 0.0751507925874172
3.98844064928533 0.0737865335792701 0.0739001582600491
4.01084189504749 0.0725534873478051 0.0726689759036455
4.03323096830111 0.0713393479280911 0.0714567302037155
4.05561259525643 0.0701436290417341 0.0702629358490974
4.07799127944425 0.0689658718128986 0.0690871349487708
4.1003713227087 0.0678056424678533 0.0679288947331339
4.12275684393937 0.0666625302811363 0.0667878055018537
4.14515179584289 0.0655361457363209 0.0656634787862847
4.16755998000777 0.0644261188742135 0.0645555456992992
4.18998506047896 0.0633320978053028 0.063463655449359
4.21243057602621 0.062253747366659 0.0623874739990366
4.234899951265 0.0611907479062257 0.0613266828509376
4.257396506766 0.0601427941798314 0.0602809779463582
4.27992346827067 0.0591095943482036 0.0592500686639693
4.30248397511542 0.0580908690629452 0.0582336769074921
4.3250810879527 0.0570863506318562 0.0572315362727564
4.34771779584671 0.0560957822552054 0.0562433912857508
4.37039702281131 0.0551189173255875 0.0552689967043073
4.39312163384989 0.0541555187848883 0.0543081168769484
4.41589444054927 0.0532053585326688 0.0533605251532131
4.43871820627429 0.0522682168809201 0.0524260033404201
4.4615956510036 0.0513438820507355 0.0515043412024195
4.48452945584326 0.0504321497069398 0.05059533599638
4.50752226725047 0.0495328225271473 0.0496987920440873
4.53057670099615 0.0486457098021134 0.0488145203346271
4.55369534589227 0.0477706270645642 0.047942338155641
4.57688076730714 0.0469073957439942 0.0470820687506538
4.60013551048914 0.0460558428451772 0.0462335410002227
4.62346210371806 0.0452158006483547 0.0453965891248812
4.64686306130064 0.0443871064292761 0.0445710524080575
4.67034088642573 0.0435696021974469 0.043756774937333
4.69389807389283 0.0427631344510903 0.0429536053625537
4.71753711272698 0.0419675539474633 0.0421613966694448
4.7412604886912 0.0411827154873148 0.0413800059675231
4.76507068670712 0.0404084777123619 0.0406092942911956
4.78897019319348 0.0396447029147777 0.0398491264130462
4.81296149833131 0.03889125685776 0.0390993706683896
4.83704709826402 0.0381480086063392 0.0383598987902651
4.86122949723994 0.0374148303676508 0.0376305857541037
4.88551120970414 0.0366915973399695 0.0369113096313815
4.90989476234622 0.0359781875698484 0.0362019514516147
4.93438269610996 0.0352744818167691 0.0355023950721172
4.95897756817051 0.0345803634247525 0.0348125270549849
4.98368195388428 0.0338957182004226 0.0341322365508161
5.00849844871671 0.0332204342970522 0.033461415188715
5.03342967015214 0.0325544021041591 0.0327999569721628
5.05847825959064 0.0318975141422466 0.0321477581803731
5.08364688423543 0.0312496649623193 0.0315047172747814
5.10893823897527 0.030610751049817 0.0308707348103342
5.13435504826507 0.0299806707326498 0.0302457133512872
5.15990006800856 0.0293593240930262 0.029629557391226
5.18557608744631 0.028746612882786 0.0290221732770522
5.211385931052 0.0281424404419775 0.0284234691367014
5.23733246044036 0.0275467116204189 0.027833354810366
5.26341857628933 0.0269593327020088 0.0272517417850204
5.28964722027938 0.0263802113315599 0.0266785431320579
5.31602137705237 0.0258092564439381 0.0261136734478629
5.34254407619258 0.0252463781953052 0.0255570487971543
5.36921839423205 0.0246914878962655 0.0250085866589474
5.39604745668242 0.0241444979467301 0.0244682058749953
5.42303444009509 0.0236053217723169 0.0239358266005762
5.45018257415177 0.0230738737621057 0.0234113702575054
5.47749514378652 0.0225500692075841 0.0228947594892619
5.50497549134107 0.0220338242426107 0.0223859181181222
5.53262701875405 0.021525055784235 0.0218847711042069
5.56045318978533 0.0210236814742088 0.021391244506349
5.58845753227545 0.0205296196210327 0.0209052654447044
5.61664364044055 0.0200427891423748 0.0204267620650276
5.64501517720214 0.0195631095077052 0.0199556635045452
5.67357587655088 0.0190905006809828 0.0194918998593616
5.70232954594278 0.0186248830632371 0.0190354021533453
5.73128006872542 0.0181661774348806 0.0185861023084425
5.76043140659143 0.0177143048975839 0.0181439331163716
5.78978760205471 0.0172691868155487 0.0177088282116657
5.81935278094454 0.0168307447560023 0.0172807220460249
5.84913115491088 0.0163989004287384 0.0168595498639543
5.87912702393284 0.0159735756245205 0.0164452476796681
5.90934477882038 0.0155546921521619 0.0160377522552441
5.93978890369743 0.0151421717740839 0.0156370010800213
5.97046397845168 0.0147359361401568 0.0152429323512431
6.00137468113391 0.0143359067196109 0.0148554849559498
6.03252579028603 0.0139420047308053 0.0144745984541387
6.06392218717311 0.0135541510686292 0.0141002130632143
6.09556885788994 0.0131722662293087 0.0137322696437624
6.12747089530754 0.0127962702323772 0.0133707096866928
6.15963350081811 0.012426082539569 0.0130154753018042
6.1920619858299 0.0120616219703819 0.0126665092078398
6.22476177295454 0.0117028066140559 0.0123237547241141
6.25773839681885 0.0113495537377075 0.0119871557638072
6.29099750442149 0.01100177969036 0.0116566568290388
6.32454485494018 0.0106593998026141 0.0113322030078535
6.35838631887897 0.010322328281705 0.0110137399732678
6.39252787642523 0.00999047810170849 0.0107012139845521
6.42697561486337 0.00966376088867513 0.0103945718909467
6.46173572486547 0.00934208680049717 0.0100937611380328
6.49681449544746 0.00902536440135458 0.00979872977701493
6.53221830734316 0.00871350053063459 0.00950942647719559
6.56795362450535 0.00840640016628842 0.0092258005419588
6.60402698339329 0.00810396628267862 0.00894780192861203
6.64044497964817 0.00780609970308319 0.0086753812724703
6.67721425169069 0.00751269894716706 0.00840848991559845
6.71434146069747 0.0072236600739134 0.00814707994065861
6.75183326632391 0.00693887652073249 0.00789110421033464
6.78969629743974 0.00665823893974329 0.00764051641281971
6.82793711702827 0.00638163503256269 0.00739527111385461
6.86656218027191 0.00610894938534876 0.00715532381578326
6.90557778470432 0.00584006330633648 0.00692063102403889
6.94499001115534 0.00557485466868974 0.00669115032137889
6.98480465405164 0.00531319776217908 0.00646684045003027
7.02502713946959 0.00505496315798736 0.00624766140167176
7.06566242917521 0.00480001759184516 0.00603357451483577
7.10671490874405 0.00454822387169712 0.00582454257883314
7.14818825774992 0.00429944081718031 0.00562052994264788
7.1900852999736 0.00405352323931499 0.00542150262637545
7.23240783164931 0.00381032196990302 0.00522742843163776
7.27515642598603 0.00356968395110165 0.00503827704595679
7.31833021263606 0.00333145239634821 0.0048540201342653
7.36192663150994 0.00309546703406234 0.00467463140855548
7.40594116144147 0.00286156444509755 0.00450008666412661
7.45036702577969 0.00262957850345837 0.00433036376806337
7.49519487910968 0.00239934092699927 0.00416544258260886
7.5404124820356 0.0021706819403469 0.00400530480327213
7.58600437429473 0.00194343104586044 0.00384993368925506
7.63195156031199 0.00171741788994908 0.00369931366270261
7.67823122541205 0.00149247320166376 0.00355342975414148
7.72481650486315 0.00126842976875396 0.00341226687515601
7.77167633111667 0.00104512340444583 0.00327580890671557
7.81877538623588 0.000822393847752224 0.00314403760324405
7.86607418569279 0.000600085533347567 0.00301693132861648
7.9135293156443 0.000378048166292036 0.00289446366005795
7.96109383797879 0.00015613704420247 0.0027766019176088
8 -2.51651477250127E-05 0.00268370102322009
