101 0.0359254591634518
101.0625 0.036111145979932
101.125 0.0362982736841277
101.1875 0.0364868571967762
101.25 0.0366769116319116
101.3125 0.0368684522998718
101.375 0.037061494710361
101.4375 0.0372560545755673
101.5 0.0374521478133376
101.5625 0.03764979055041
101.625 0.0378489991257068
101.6875 0.0380497900936865
101.75 0.0382521802277588
101.8125 0.0384561865237624
101.875 0.0386618262035074
101.9375 0.0388691167183829
102 0.0390780757530332
102.0625 0.0392887212291012
102.125 0.0395010713090434
102.1875 0.039715144400015
102.25 0.03993095915783
102.3125 0.0401485344909943
102.375 0.0403678895648169
102.4375 0.0405890438055975
102.5 0.0408120169048953
102.5625 0.0410368288238784
102.625 0.0412634997977569
102.6875 0.0414920503403006
102.75 0.0417225012484444
102.8125 0.0419548736069821
102.875 0.042189188793351
102.9375 0.0424254684825093
103 0.0426637346519092
103.0625 0.0429040095865656
103.125 0.0431463158842255
103.1875 0.0433906764606378
103.25 0.0436371145549267
103.3125 0.0438856537350723
103.375 0.0441363179034981
103.4375 0.0443891313027705
103.5 0.0446441185214107
103.5625 0.044901304499824
103.625 0.0451607145363456
103.6875 0.0454223742934099
103.75 0.0456863098038424
103.8125 0.0459525474772789
103.875 0.0462211141067153
103.9375 0.0464920368751889
104 0.0467653433625971
104.0625 0.0470410615526544
104.125 0.0473192198399917
104.1875 0.047599847037402
104.25 0.0478829723832342
104.3125 0.0481686255489408
104.375 0.0484568366467807
104.4375 0.0487476362376827
104.5 0.0490410553392719
104.5625 0.049337125434065
104.625 0.049635878477836
104.6875 0.0499373469081581
104.75 0.0502415636531259
104.8125 0.0505485621402616
104.875 0.0508583763056097
104.9375 0.0511710406030253
105 0.0514865900136608
105.0625 0.0518050600556546
105.125 0.0521264867940284
105.1875 0.0524509068507969
105.25 0.0527783574152961
105.3125 0.0531088762547344
105.375 0.0534425017249737
105.4375 0.0537792727815444
105.5 0.0541192289909017
105.5625 0.0544624105419278
105.625 0.0548088582576875
105.6875 0.0551586136074423
105.75 0.0555117187189309
105.8125 0.0558682163909214
105.875 0.0562281501060431
105.9375 0.0565915640439044
106 0.056958503094505
106.0625 0.0573290128719486
106.125 0.0577031397284646
106.1875 0.0580809307687475
106.25 0.0584624338646201
106.3125 0.0588476976700315
106.375 0.0592367716363961
106.4375 0.0596297060282845
106.5 0.0600265519394743
106.5625 0.0604273613093711
106.625 0.0608321869398078
106.6875 0.0612410825122351
106.75 0.0616541026053102
106.8125 0.0620713027128972
106.875 0.062492739262488
106.9375 0.0629184696340562
107 0.0633485521793554
107.0625 0.0637830462416739
107.125 0.0642220121760571
107.1875 0.0646655113700121
107.25 0.0651136062647066
107.3125 0.065566360376675
107.375 0.066023838320047
107.4375 0.0664861058293117
107.5 0.0669532297826329
107.5625 0.0674252782257308
107.625 0.0679023203963446
107.6875 0.0683844267492942
107.75 0.0688716689821559
107.8125 0.0693641200615702
107.875 0.0698618542501994
107.9375 0.0703649471343537
108 0.0708734756523029
108.0625 0.0713875181232967
108.125 0.0719071542773093
108.1875 0.0724324652855339
108.25 0.0729635337916435
108.3125 0.0735004439438453
108.375 0.0740432814277467
108.4375 0.0745921335000609
108.5 0.0751470890231729
108.5625 0.0757082385005932
108.625 0.0762756741133247
108.6875 0.0768494897571695
108.75 0.0774297810810031
108.8125 0.0780166455260457
108.875 0.0786101823661588
108.9375 0.0792104927491991
109 0.0798176797394603
109.0625 0.0804318483612359
109.125 0.0810531056435377
109.1875 0.0816815606660028
109.25 0.0823173246060275
109.3125 0.0829605107871648
109.375 0.0836112347288229
109.4375 0.0842696141973071
109.5 0.084935769258244
109.5625 0.0856098223304331
109.625 0.0862918982411679
109.6875 0.0869821242830745
109.75 0.0876806302725136
109.8125 0.0883875486095956
109.875 0.0891030143398601
109.9375 0.0898271652176716
110 0.0905601417713867
110.0625 0.0913020873703487
110.125 0.0920531482937693
110.1875 0.0928134738015561
110.25 0.0935832162071504
110.3125 0.0943625309524402
110.375 0.0951515766848144
110.4375 0.0959505153364308
110.5 0.096759512205767
110.5625 0.0975787360415332
110.625 0.0984083591290211
110.6875 0.0992485573789728
110.75 0.100099510419052
110.8125 0.100961401688003
110.875 0.101834418532595
110.9375 0.102718752307431
111 0.103614598477735
111.0625 0.104522156725211
111.125 0.105441631057071
111.1875 0.106373229918353
111.25 0.107317166307641
111.3125 0.108273657896294
111.375 0.10924292715131
111.4375 0.110225201461967
111.5 0.111220713270343
111.5625 0.112229700205879
111.625 0.11325240522411
111.6875 0.114289076749726
111.75 0.115339968824095
111.8125 0.116405341257436
111.875 0.11748545978578
111.9375 0.118580596232915
112 0.119691028677481
112.0625 0.120817041625401
112.125 0.121958926187854
112.1875 0.123116980264983
112.25 0.124291508735555
112.3125 0.125482823652782
112.375 0.126691244446545
112.4375 0.127917098132254
112.5 0.129160719526589
112.5625 0.130422451470382
112.625 0.131702645058914
112.6875 0.133001659879903
112.75 0.134319864259476
112.8125 0.135657635516431
112.875 0.137015360225114
112.9375 0.138393434487228
113 0.139792264212935
113.0625 0.141212265411607
113.125 0.142653864492602
113.1875 0.144117498576457
113.25 0.145603615816918
113.3125 0.147112675734228
113.375 0.148645149560118
113.4375 0.150201520594986
113.5 0.151782284577731
113.5625 0.153387950068773
113.625 0.155019038846781
113.6875 0.156676086319673
113.75 0.158359641950469
113.8125 0.160070269698612
113.875 0.161808548477393
113.9375 0.163575072628151
114 0.165370452411941
114.0625 0.167195314519416
114.125 0.169050302599672
114.1875 0.170936077808875
114.25 0.172853319379498
114.3125 0.174802725211059
114.375 0.176785012483274
114.4375 0.178800918292599
114.5 0.180851200313168
114.5625 0.182936637483196
114.625 0.185058030717959
114.6875 0.187216203650518
114.75 0.189412003401412
114.8125 0.191646301378617
114.875 0.193919994109105
114.9375 0.196234004103439
115 0.198589280754874
115.0625 0.200986801274549
115.125 0.203427571664387
115.1875 0.205912627729458
115.25 0.208443036131594
115.3125 0.211019895486177
115.375 0.213644337504101
115.4375 0.216317528181021
115.5 0.219040669036099
115.5625 0.221814998402597
115.625 0.22464179277275
115.6875 0.227522368199538
115.75 0.230458081758047
115.8125 0.233450333069322
115.875 0.236500565889696
115.9375 0.239610269768827
116 0.24278098177975
116.0625 0.246014288324524
116.125 0.249311827019186
116.1875 0.252675288661951
116.25 0.256106419288817
116.3125 0.259607022320959
116.375 0.263178960808526
116.4375 0.266824159775751
116.5 0.270544608672509
116.5625 0.274342363937789
116.625 0.278219551680838
116.6875 0.282178370486054
116.75 0.286221094348082
116.8125 0.290350075743897
116.875 0.294567748849086
116.9375 0.298876632905937
117 0.303279335751402
117.0625 0.307778557513443
117.125 0.312377094484816
117.1875 0.317077843183838
117.25 0.321883804612275
117.3125 0.326798088721075
117.375 0.331823919095334
117.4375 0.336964637870529
117.5 0.342223710892823
117.5625 0.347604733136978
117.625 0.353111434396265
117.6875 0.358747685259624
117.75 0.364517503392255
117.8125 0.370425060136833
117.875 0.376474687453574
117.9375 0.382670885218531
118 0.389018328900688
118.0625 0.395521877639689
118.125 0.402186582747439
118.1875 0.409017696658212
118.25 0.416020682353509
118.3125 0.423201223289507
118.375 0.430565233856723
118.4375 0.438118870403389
118.5 0.445868542856003
118.5625 0.453820926972674
118.625 0.461982977267104
118.6875 0.470361940643489
118.75 0.478965370785132
118.8125 0.487801143342326
118.875 0.496877471967925
118.9375 0.506202925252099
119 0.515786444611026
119.0625 0.525637363187746
119.125 0.53576542582705
119.1875 0.546180810190174
119.25 0.556894149079166
119.3125 0.56791655404516
119.375 0.57925964035934
119.4375 0.590935553430239
119.5 0.602956996756075
119.5625 0.615337261506172
119.625 0.628090257831079
119.6875 0.641230548006849
119.75 0.654773381524982
119.8125 0.668734732245835
119.875 0.683131337739786
119.9375 0.69798074094711
120 0.713301334294281
120.0625 0.729112406411335
120.125 0.74543419160177
120.1875 0.7622879222233
120.25 0.779695884144408
120.3125 0.79768147544797
120.375 0.816269268559091
120.4375 0.835485075979486
120.5 0.855356019815002
120.5625 0.875910605285977
120.625 0.897178798411624
120.6875 0.91919210805915
120.75 0.941983672545326
120.8125 0.965588350972102
120.875 0.990042819467831
120.9375 1.01538567249092
121 1.04165752933212
121.0625 1.06890114592392
121.125 1.09716153202943
121.1875 1.12648607383615
121.25 1.15692466192143
121.3125 1.18852982448192
121.375 1.22135686562783
121.4375 1.2554640084294
121.5 1.29091254226472
121.5625 1.32776697384928
121.625 1.36609518112387
121.6875 1.4059685689311
121.75 1.44746222511549
121.8125 1.49065507532856
121.875 1.53563003439852
121.9375 1.58247415162349
122 1.63127874675343
122.0625 1.68213953272529
122.125 1.73515672039156
122.1875 1.79043509951529
122.25 1.84808408917508
122.3125 1.90821774940911
122.375 1.97095474440406
122.4375 2.03641824577843
122.5 2.10473576249573
122.5625 2.17603888164738
122.625 2.25046290174711
122.6875 2.32814633726398
122.75 2.40923026988266
122.8125 2.4938575184259
122.875 2.58217159553266
122.9375 2.67431541511204
123 2.77042971038251
123.0625 2.87065111810303
123.125 2.97510988061975
123.1875 3.08392711388525
123.25 3.19721158705998
123.3125 3.31505595820643
123.375 3.43753241161924
123.4375 3.5646876463504
123.5 3.69653717352942
123.5625 3.83305889337291
123.625 3.97418594272681
123.6875 4.11979883211302
123.75 4.26971692911454
123.8125 4.42368939396345
123.875 4.58138573448128
123.9375 4.74238622148733
124 4.90617249179957
124.0625 5.07211876181881
124.125 5.23948417614088
124.1875 5.4074069158256
124.25 5.5749007800329
124.3125 5.74085501981362
124.375 5.90403822831489
124.4375 6.0631070602742
124.5 6.21662044839188
124.5625 6.36305979091564
124.625 6.50085529591244
124.6875 6.62841828585839
124.75 6.74417880761732
124.8125 6.84662738957333
124.875 6.93435928696184
124.9375 7.00611911741735
125 7.06084347523971
125.0625 7.09769898342501
125.125 7.11611333911594
125.1875 7.11579724607152
125.25 7.0967556891386
125.3125 7.05928773892062
125.375 7.00397490080794
125.4375 6.93165884686983
125.5 6.843410097697
125.5625 6.74048977580341
125.625 6.62430688211221
125.6875 6.49637363562722
125.75 6.35826127993124
125.8125 6.21155844139878
125.875 6.05783368186975
125.9375 5.89860338681235
126 5.73530562751481
126.0625 5.56928017943798
126.125 5.40175449996712
126.1875 5.23383518318649
126.25 5.06650421917635
126.3125 4.90061928279076
126.375 4.73691724768733
126.4375 4.57602014846198
126.5 4.41844287986729
126.5625 4.26460201174178
126.625 4.11482519864669
126.6875 3.96936076456868
126.75 3.82838713863696
126.8125 3.69202190343306
126.875 3.56033029101303
126.9375 3.43333302262332
127 3.31101343672509
127.0625 3.19332388745222
127.125 3.08019142345531
127.1875 2.97152277678515
127.25 2.86720870456448
127.3125 2.76712773408302
127.375 2.67114936585079
127.4375 2.57913679009251
127.5 2.49094917100783
127.5625 2.4064435505361
127.625 2.32547641987442
127.6875 2.24790500300295
127.75 2.17358829226545
127.8125 2.10238787184493
127.875 2.03416856090721
127.9375 1.96879890435325
128 1.90615153557698
128.0625 1.84610343239847
128.125 1.78853608443789
128.1875 1.73333558760823
128.25 1.68039267911939
128.3125 1.62960272438062
128.375 1.58086566544056
128.4375 1.53408593908854
128.5 1.48917237143244
128.5625 1.44603805464515
128.625 1.4046002106093
128.6875 1.36478004537059
128.75 1.32650259761236
128.8125 1.2896965837748
128.875 1.25429424194321
128.9375 1.22023117621134
129 1.18744620287387
129.0625 1.15588119950858
129.125 1.12548095776441
129.1875 1.09619304046839
129.25 1.06796764349761
129.3125 1.04075746272428
129.375 1.01451756622982
129.4375 0.989205271892903
129.5 0.964780030382408
129.5625 0.941203313528079
129.625 0.918438507995218
129.6875 0.896450814153822
129.75 0.875207150005156
129.8125 0.854676060008392
129.875 0.834827628635302
129.9375 0.815633398471162
130 0.797066292674013
130.0625 0.779100541601501
130.125 0.761711613414126
130.1875 0.744876148465306
130.25 0.728571897291761
130.3125 0.712777662022058
130.375 0.697473241026364
130.4375 0.682639376636345
130.5 0.668257705770466
130.5625 0.654310713306633
130.625 0.640781688050897
130.6875 0.627654681157853
130.75 0.614914466865222
130.8125 0.602546505411897
130.875 0.590536908015383
130.9375 0.578872403791054
131 0.567540308501914
131.0625 0.556528495033611
131.125 0.545825365495283
131.1875 0.535419824852366
131.25 0.525301256002837
131.3125 0.515459496213432
131.375 0.505884814837176
131.4375 0.496567892238182
131.5 0.487499799853969
131.5625 0.478671981329671
131.625 0.470076234662388
131.6875 0.461704695297572
131.75 0.453549820122822
131.8125 0.445604372307679
131.875 0.437861406941111
131.9375 0.430314257421231
132 0.422956522554534
132.0625 0.415782054324463
132.125 0.40878494629152
132.1875 0.401959522589417
132.25 0.395300327483819
132.3125 0.388802115462293
132.375 0.382459841825881
132.4375 0.376268653754501
132.5 0.370223881820018
132.5625 0.364321031922367
132.625 0.358555777625561
132.6875 0.352923952871789
132.75 0.347421545053058
132.8125 0.342044688421071
132.875 0.336789657817118
132.9375 0.331652862704853
133 0.32663084148978
133.0625 0.321720256110239
133.125 0.316917886885542
133.1875 0.312220627607723
133.25 0.30762548086415
133.3125 0.303129553578968
133.375 0.298730052762018
133.4375 0.29442428145453
133.5 0.290209634861464
133.5625 0.286083596660974
133.625 0.282043735481969
133.6875 0.278087701541259
133.75 0.274213223432251
133.8125 0.270418105057593
133.875 0.26670022269857
133.9375 0.263057522214479
134 0.259488016365544
134.0625 0.255989782253309
134.125 0.252560958872738
134.1875 0.249199744770615
134.25 0.245904395805057
134.3125 0.24267322300129
134.375 0.239504590499058
134.4375 0.236396913587288
134.5 0.23334865682187
134.5625 0.230358332222621
134.625 0.2274244975457
134.6875 0.224545754627955
134.75 0.221720747799835
134.8125 0.218948162363699
134.875 0.216226723134498
134.9375 0.213555193039974
135 0.210932371777643
135.0625 0.208357094525996
135.125 0.205828230707453
135.1875 0.20334468280074
135.25 0.200905385200488
135.3125 0.198509303121924
135.375 0.196155431548675
135.4375 0.19384279422177
135.5 0.191570442668028
135.5625 0.189337455266115
135.625 0.187142936348624
135.6875 0.184986015338621
135.75 0.182865845919166
135.8125 0.180781605234404
135.875 0.178732493120859
135.9375 0.176717731367667
136 0.174736563004511
136.0625 0.172788251616091
136.125 0.170872080682027
136.1875 0.168987352941116
136.25 0.167133389778955
136.3125 0.165309530637936
136.375 0.16351513244872
136.4375 0.161749569082293
136.5 0.160012230821762
136.5625 0.158302523853109
136.625 0.156619869774119
136.6875 0.154963705120753
136.75 0.153333480910281
136.8125 0.151728662200489
136.875 0.150148727664335
136.9375 0.148593169179442
137 0.147061491431838
137.0625 0.145553211533389
137.125 0.144067858652399
137.1875 0.142604973656852
137.25 0.141164108769818
137.3125 0.139744827236553
137.375 0.138346703002842
137.4375 0.136969320404165
137.5 0.135612273865257
137.5625 0.134275167609696
137.625 0.132957615379119
137.6875 0.131659240161711
137.75 0.130379673929636
137.8125 0.12911855738505
137.875 0.127875539714403
137.9375 0.12665027835072
138 0.125442438743556
138.0625 0.124251694136354
138.125 0.123077725350946
138.1875 0.121920220578918
138.25 0.120778875179606
138.3125 0.119653391484485
138.375 0.118543478607712
138.4375 0.117448852262618
138.5 0.116369234583923
138.5625 0.115304353955486
138.625 0.114253944843387
138.6875 0.113217747634158
138.75 0.112195508477975
138.8125 0.111186979136659
138.875 0.110191916836289
138.9375 0.109210084124305
139 0.108241248730907
139.0625 0.107285183434641
139.125 0.106341665932001
139.1875 0.105410478710928
139.25 0.104491408928064
139.3125 0.103584248289643
139.375 0.102688792935889
139.4375 0.101804843328813
139.5 0.10093220414329
139.5625 0.100070684161303
139.625 0.0992200961692643
139.6875 0.0983802568582999
139.75 0.0975509867274014
139.8125 0.0967321099893593
139.875 0.0959234544793805
139.9375 0.095124851566306
140 0.0943361360663448
140.0625 0.0935571461592425
140.125 0.0927877233068076
140.1875 0.0920277121737203
140.25 0.0912769605505503
140.3125 0.0905353192789157
140.375 0.0898026421787137
140.4375 0.0890787859773592
140.5 0.088363610240968
140.5625 0.0876569773074248
140.625 0.0869587522212762
140.6875 0.0862688026703936
140.75 0.085586998924351
140.8125 0.0849132137744648
140.875 0.084247322475445
140.9375 0.0835892026886091
141 0.0829387344266102
141.0625 0.0822957999996354
141.125 0.0816602839630275
141.1875 0.0810320730662903
141.25 0.0804110562034335
141.3125 0.079797124364619
141.375 0.0791901705890687
141.4375 0.078590089919198
141.5 0.0779967793559368
141.5625 0.0774101378152052
141.625 0.0768300660855086
141.6875 0.0762564667866201
141.75 0.0756892443293187
141.8125 0.0751283048761523
141.875 0.0745735563031962
141.9375 0.0740249081627786
142 0.0734822716471452
142.0625 0.0729455595530351
142.125 0.0724146862471446
142.1875 0.0718895676324505
142.25 0.0713701211153708
142.3125 0.070856265573739
142.375 0.0703479213255678
142.4375 0.0698450100985814
142.5 0.0693474550004949
142.5625 0.0688551804900186
142.625 0.0683681123485693
142.6875 0.0678861776526676
142.75 0.0674093047470018
142.8125 0.0669374232181421
142.875 0.0664704638688857
142.9375 0.0660083586932158
143 0.0655510408518582
143.0625 0.0650984446484196
143.125 0.0646505055060906
143.1875 0.0642071599449004
143.25 0.0637683455595055
143.3125 0.063334000997501
143.375 0.0629040659382388
143.4375 0.0624784810721393
143.5 0.062057188080485
143.5625 0.0616401296156812
143.625 0.0612272492819731
143.6875 0.0608184916166065
143.75 0.0604138020714211
143.8125 0.0600131269948648
143.875 0.0596164136144174
143.9375 0.0592236100194149
144 0.0588346651442617
144.0625 0.0584495287520232
144.125 0.0580681514183868
144.1875 0.0576904845159831
144.25 0.0573164801990586
144.3125 0.0569460913884891
144.375 0.0565792717571273
144.4375 0.0562159757154745
144.5 0.0558561583976695
144.5625 0.0554997756477858
144.625 0.0551467840064296
144.6875 0.054797140697632
144.75 0.054450803616026
144.8125 0.054107731314304
144.875 0.0537678829909466
144.9375 0.0534312184782168
145 0.0530976982304134
145.0625 0.052767283312377
145.125 0.052439935388242
145.1875 0.0521156167104294
145.25 0.0517942901088739
145.3125 0.0514759189804801
145.375 0.0511604672788016
145.4375 0.0508478995039388
145.5 0.0505381806926485
145.5625 0.050231276408662
145.625 0.0499271527332055
145.6875 0.049625776255718
145.75 0.0493271140647636
145.8125 0.0490311337391305
145.875 0.0487378033391162
145.9375 0.0484470913979908
146 0.0481589669136372
146.0625 0.0478733993403618
146.125 0.0475903585808737
146.1875 0.0473098149784262
146.25 0.0470317393091196
146.3125 0.0467561027743587
146.375 0.0464828769934642
146.4375 0.0462120339964318
146.5 0.0459435462168377
146.5625 0.0456773864848863
146.625 0.0454135280205966
146.6875 0.0451519444271245
146.75 0.0448926096842185
146.8125 0.0446354981418043
146.875 0.0443805845136965
146.9375 0.0441278438714349
147 0.0438772516382412
147.0625 0.0436287835830947
147.125 0.0433824158149239
147.1875 0.0431381247769107
147.25 0.0428958872409066
147.3125 0.0426556803019557
147.375 0.0424174813729253
147.4375 0.0421812681792385
147.5 0.0419470187537096
147.5625 0.0417147114314772
147.625 0.0414843248450354
147.6875 0.0412558379193593
147.75 0.0410292298671232
147.8125 0.0408044801840101
147.875 0.0405815686441091
147.9375 0.0403604752954009
148 0.0401411804553272
148.0625 0.039923664706444
148.125 0.0397079088921561
148.1875 0.0394938941125313
148.25 0.0392816017201927
148.3125 0.0390710133162871
148.375 0.0388621107465288
148.4375 0.0386548760973154
148.5 0.0384492916919163
148.5625 0.038245340086731
148.625 0.0380430040676158
148.6875 0.0378422666462778
148.75 0.037643111056735
148.8125 0.0374455207518405
148.875 0.0372494793998701
148.9375 0.0370549708811716
149 0.0368619792848744
149.0625 0.0366704889056589
149.125 0.0364804842405833
149.1875 0.0362919499859683
149.25 0.0361048710343363
149.3125 0.0359192324714061
149.375 0.0357350195731406
149.4375 0.0355522178028476
149.5 0.0353708128083307
149.5625 0.0351907904190918
149.625 0.0350121366435821
149.6875 0.0348348376665019
149.75 0.0346588798461471
149.8125 0.0344842497118028
149.875 0.034310933961182
149.9375 0.0341389194579092
150 0.0339681932290468
150.0625 0.0337987424626656
150.125 0.0336305545054565
150.1875 0.0334636168603831
150.25 0.0332979171843758
150.3125 0.033133443286064
150.375 0.0329701831235481
150.4375 0.0328081248022094
150.5 0.0326472565725568
150.5625 0.0324875668281109
150.625 0.0323290441033227
150.6875 0.0321716770715289
150.75 0.0320154545429409
150.8125 0.0318603654626675
150.875 0.0317063989087713
150.9375 0.0315535440903575
151 0.031401790345694
151.0625 0.031251127140364
151.125 0.0311015440654484
151.1875 0.0309530308357385
151.25 0.0308055772879787
151.3125 0.0306591733791376
151.375 0.0305138091847082
151.4375 0.0303694748970356
151.5 0.0302261608236724
151.5625 0.0300838573857606
151.625 0.0299425551164403
151.6875 0.0298022446592845
151.75 0.0296629167667585
151.8125 0.0295245622987051
151.875 0.0293871722208541
151.9375 0.0292507376033552
152 0.0291152496193358
152.0625 0.0289806995434807
152.125 0.0288470787506352
152.1875 0.0287143787144305
152.25 0.028582591005931
152.3125 0.0284517072923028
152.375 0.028321719335504
152.4375 0.028192618990995
152.5 0.02806439820647
152.5625 0.0279370490206077
152.625 0.0278105635618424
152.6875 0.0276849340471536
152.75 0.0275601527808755
152.8125 0.0274362121535244
152.875 0.0273131046406447
152.9375 0.0271908228016726
153 0.0270693592788179
153.0625 0.0269487067959628
153.125 0.0268288581575778
153.1875 0.0267098062476543
153.25 0.0265915440286537
153.3125 0.0264740645404727
153.375 0.0263573608994243
153.4375 0.0262414262972344
153.5 0.0261262540000539
153.5625 0.0260118373474859
153.625 0.0258981697516272
153.6875 0.0257852446961248
153.75 0.0256730557352467
153.8125 0.0255615964929663
153.875 0.0254508606620611
153.9375 0.0253408420032246
154 0.0252315343441916
154.0625 0.0251229315788771
154.125 0.0250150276665269
154.1875 0.0249078166308822
154.25 0.0248012925593557
154.3125 0.0246954496022203
154.375 0.0245902819718099
154.4375 0.0244857839417317
154.5 0.0243819498460905
154.5625 0.0242787740787241
154.625 0.0241762510924502
154.6875 0.024074375398324
154.75 0.0239731415649072
154.8125 0.0238725442175469
154.875 0.0237725780376661
154.9375 0.0236732377620631
155 0.0235745181822226
155.0625 0.0234764141436355
155.125 0.0233789205451293
155.1875 0.0232820323382078
155.25 0.0231857445264006
155.3125 0.0230900521646215
155.375 0.0229949503585365
155.4375 0.022900434263941
155.5 0.0228064990861449
155.5625 0.0227131400793678
155.625 0.022620352546142
155.6875 0.0225281318367239
155.75 0.0224364733485142
155.8125 0.0223453725254861
155.875 0.0222548248576214
155.9375 0.0221648258803545
156 0.0220753711740249
156.0625 0.0219864563633365
156.125 0.0218980771168248
156.1875 0.0218102291463316
156.25 0.0217229082064874
156.3125 0.0216361100941999
156.375 0.0215498306481508
156.4375 0.021464065748299
156.5 0.0213788113153906
156.5625 0.0212940633104759
156.625 0.021209817734433
156.6875 0.0211260706274977
156.75 0.0210428180688005
156.8125 0.020960056175909
156.875 0.0208777811043773
156.9375 0.0207959890473016
157 0.0207146762348808
157.0625 0.0206338389339847
157.125 0.0205534734477266
157.1875 0.0204735761150425
157.25 0.0203941433102757
157.3125 0.0203151714427671
157.375 0.0202366569564511
157.4375 0.0201585963294566
157.5 0.0200809860737135
157.5625 0.020003822734565
157.625 0.019927102890384
157.6875 0.0198508231521957
157.75 0.0197749801633044
157.8125 0.019699570598926
157.875 0.0196245911658244
157.9375 0.019550038601954
158 0.0194759096761055
158.0625 0.0194022011875577
158.125 0.0193289099657327
158.1875 0.0192560328698569
158.25 0.0191835667886248
158.3125 0.0191115086398691
158.375 0.0190398553702334
158.4375 0.0189686039548503
158.5 0.0188977513970234
158.5625 0.0188272947279128
158.625 0.018757231006226
158.6875 0.0186875573179112
158.75 0.0186182707758559
158.8125 0.0185493685195889
158.875 0.0184808477149855
158.9375 0.018412705553978
159 0.018344939254268
