0 4.96324808055379 5.5695218042846 4.35697435682299
0.1 4.94606281148306 5.55881761272763 4.33330801023849
0.2 4.92887754241233 5.54811342117067 4.30964166365399
0.3 4.91169227334159 5.5374092296137 4.28597531706948
0.4 4.89450700427086 5.52670503805673 4.26230897048498
0.5 4.87732173520012 5.51600084649977 4.23864262390048
0.6 4.86013646612939 5.5052966549428 4.21497627731598
0.7 4.84295119705865 5.49459246338583 4.19130993073148
0.8 4.82576592798792 5.48388827182887 4.16764358414697
0.9 4.80858065891719 5.4731840802719 4.14397723756247
1 4.79139538984645 5.46247988871494 4.12031089097797
1.1 4.77421012077572 5.45177569715797 4.09664454439347
1.2 4.75702485170498 5.441071505601 4.07297819780897
1.3 4.73983958263425 5.43036731404404 4.04931185122446
1.4 4.72265431356352 5.41966312248707 4.02564550463996
1.5 4.70546904449278 5.4089589309301 4.00197915805546
1.6 4.68828377542205 5.39825473937314 3.97831281147096
1.7 4.67109850635131 5.38755054781617 3.95464646488646
1.8 4.65391323728058 5.3768463562592 3.93098011830195
1.9 4.63672796820984 5.36614216470224 3.90731377171745
2 4.61954269913911 5.35543797314527 3.88364742513295
2.1 4.60235743006838 5.3447337815883 3.85998107854845
2.2 4.58517216099764 5.33402959003134 3.83631473196395
2.3 4.56798689192691 5.32332539847437 3.81264838537944
2.4 4.55080162285617 5.31262120691741 3.78898203879494
2.5 4.53361635378544 5.30191701536044 3.76531569221044
2.6 4.51643108471471 5.29121282380347 3.74164934562594
2.7 4.49924581564397 5.28050863224651 3.71798299904144
2.8 4.48206054657324 5.26980444068954 3.69431665245693
2.9 4.4648752775025 5.25910024913257 3.67065030587243
3 4.44769000843177 5.24839605757561 3.64698395928793
3.1 4.43050473936103 5.23769186601864 3.62331761270343
3.2 4.4133194702903 5.22698767446167 3.59965126611892
3.3 4.39613420121957 5.21628348290471 3.57598491953442
3.4 4.37894893214883 5.20557929134774 3.55231857294992
3.5 4.3617636630781 5.19487509979078 3.52865222636542
3.6 4.34457839400736 5.18417090823381 3.50498587978092
3.7 4.32739312493663 5.17346671667684 3.48131953319642
3.8 4.31020785586589 5.16276252511988 3.45765318661191
3.9 4.29302258679516 5.15205833356291 3.43398684002741
4 4.27583731772443 5.14135414200594 3.41032049344291
4.1 4.25865204865369 5.13064995044898 3.38665414685841
4.2 4.24146677958296 5.11994575889201 3.3629878002739
4.3 4.22428151051222 5.10924156733504 3.3393214536894
4.4 4.20709624144149 5.09853737577808 3.3156551071049
4.5 4.18991097237076 5.08783318422111 3.2919887605204
4.6 4.17272570330002 5.07712899266414 3.2683224139359
4.7 4.15554043422929 5.06642480110718 3.2446560673514
4.8 4.13835516515855 5.05572060955021 3.22098972076689
4.9 4.12116989608782 5.04501641799325 3.19732337418239
5 4.10398462701708 5.03431222643628 3.17365702759789
5.1 4.08679935794635 5.02360803487931 3.14999068101339
5.2 4.06961408887562 5.01290384332235 3.12632433442889
5.3 4.05242881980488 5.00219965176538 3.10265798784438
5.4 4.03524355073415 4.99149546020841 3.07899164125988
5.5 4.01805828166341 4.98079126865145 3.05532529467538
5.6 4.00087301259268 4.97008707709448 3.03165894809088
5.7 3.98368774352195 4.95938288553752 3.00799260150638
5.8 3.96650247445121 4.94867869398055 2.98432625492187
5.9 3.94931720538048 4.93797450242358 2.96065990833737
5.99999999999999 3.93213193630974 4.92727031086662 2.93699356175287
6.09999999999999 3.91494666723901 4.91656611930965 2.91332721516837
6.19999999999999 3.89776139816827 4.90586192775268 2.88966086858387
6.29999999999999 3.88057612909754 4.89515773619572 2.86599452199936
6.39999999999999 3.86339086002681 4.88445354463875 2.84232817541486
6.49999999999999 3.84620559095607 4.87374935308178 2.81866182883036
6.59999999999999 3.82902032188534 4.86304516152482 2.79499548224586
6.69999999999999 3.8118350528146 4.85234096996785 2.77132913566136
6.79999999999999 3.79464978374387 4.84163677841089 2.74766278907685
6.89999999999999 3.77746451467314 4.83093258685392 2.72399644249235
6.99999999999999 3.7602792456024 4.82022839529695 2.70033009590785
7.09999999999999 3.74309397653167 4.80952420373999 2.67666374932335
7.19999999999999 3.72590870746093 4.79882001218302 2.65299740273885
7.29999999999999 3.7087234383902 4.78811582062605 2.62933105615434
7.39999999999999 3.69153816931946 4.77741162906909 2.60566470956984
7.49999999999999 3.67435290024873 4.76670743751212 2.58199836298534
7.59999999999999 3.657167631178 4.75600324595515 2.55833201640084
7.69999999999999 3.63998236210726 4.74529905439819 2.53466566981634
7.79999999999999 3.62279709303653 4.73459486284122 2.51099932323184
7.89999999999999 3.60561182396579 4.72389067128425 2.48733297664733
7.99999999999999 3.58842655489506 4.71318647972729 2.46366663006283
8.09999999999999 3.57124128582433 4.70248228817032 2.44000028347833
8.19999999999999 3.55405601675359 4.69177809661336 2.41633393689383
8.29999999999999 3.53687074768286 4.68107390505639 2.39266759030933
8.39999999999999 3.51968547861212 4.67036971349942 2.36900124372482
8.49999999999999 3.50250020954139 4.65966552194246 2.34533489714032
8.59999999999999 3.48531494047065 4.64896133038549 2.32166855055582
8.69999999999999 3.46812967139992 4.63825713882852 2.29800220397132
8.79999999999998 3.45094440232919 4.62755294727156 2.27433585738682
8.89999999999998 3.43375913325845 4.61684875571459 2.25066951080231
8.99999999999998 3.41657386418772 4.60614456415763 2.22700316421781
9.09999999999998 3.39938859511698 4.59544037260066 2.20333681763331
9.19999999999998 3.38220332604625 4.58473618104369 2.17967047104881
9.29999999999998 3.36501805697552 4.57403198948673 2.15600412446431
9.39999999999998 3.34783278790478 4.56332779792976 2.1323377778798
9.49999999999998 3.33064751883405 4.55262360637279 2.1086714312953
9.59999999999998 3.31346224976331 4.54191941481583 2.0850050847108
9.69999999999998 3.29627698069258 4.53121522325886 2.0613387381263
9.79999999999998 3.27909171162185 4.52051103170189 2.0376723915418
9.89999999999998 3.26190644255111 4.50980684014493 2.01400604495729
9.99999999999998 3.24472117348038 4.49910264858796 1.99033969837279
10.1 3.22753590440964 4.48839845703099 1.96667335178829
10.2 3.21035063533891 4.47769426547403 1.94300700520379
10.3 3.19316536626817 4.46699007391706 1.91934065861929
10.4 3.17598009719744 4.4562858823601 1.89567431203479
10.5 3.15879482812671 4.44558169080313 1.87200796545028
10.6 3.14160955905597 4.43487749924616 1.84834161886578
10.7 3.12442428998524 4.4241733076892 1.82467527228128
10.8 3.1072390209145 4.41346911613223 1.80100892569678
10.9 3.09005375184377 4.40276492457526 1.77734257911228
11 3.07286848277304 4.3920607330183 1.75367623252777
11.1 3.0556832137023 4.38135654146133 1.73000988594327
11.2 3.03849794463157 4.37065234990436 1.70634353935877
11.3 3.02131267556083 4.3599481583474 1.68267719277427
11.4 3.0041274064901 4.34924396679043 1.65901084618977
11.5 2.98694213741936 4.33853977523347 1.63534449960526
11.6 2.96975686834863 4.3278355836765 1.61167815302076
11.7 2.9525715992779 4.31713139211953 1.58801180643626
11.8 2.93538633020716 4.30642720056257 1.56434545985176
11.9 2.91820106113643 4.2957230090056 1.54067911326726
12 2.90101579206569 4.28501881744863 1.51701276668275
12.1 2.88383052299496 4.27431462589167 1.49334642009825
12.2 2.86664525392423 4.2636104343347 1.46968007351375
12.3 2.84945998485349 4.25290624277774 1.44601372692925
12.4 2.83227471578276 4.24220205122077 1.42234738034475
12.5 2.81508944671202 4.2314978596638 1.39868103376024
12.6 2.79790417764129 4.22079366810684 1.37501468717574
12.7 2.78071890857055 4.21008947654987 1.35134834059124
12.8 2.76353363949982 4.1993852849929 1.32768199400674
12.9 2.74634837042909 4.18868109343594 1.30401564742224
13 2.72916310135835 4.17797690187897 1.28034930083773
13.1 2.71197783228762 4.167272710322 1.25668295425323
13.2 2.69479256321688 4.15656851876504 1.23301660766873
13.3 2.67760729414615 4.14586432720807 1.20935026108423
13.4 2.66042202507542 4.1351601356511 1.18568391449973
13.5 2.64323675600468 4.12445594409414 1.16201756791523
13.6 2.62605148693395 4.11375175253717 1.13835122133072
13.7 2.60886621786321 4.10304756098021 1.11468487474622
13.8 2.59168094879248 4.09234336942324 1.09101852816172
13.9 2.57449567972174 4.08163917786627 1.06735218157722
14 2.55731041065101 4.07093498630931 1.04368583499272
14.1 2.54012514158028 4.06023079475234 1.02001948840821
14.2 2.52293987250954 4.04952660319537 0.996353141823711
14.3 2.50575460343881 4.03882241163841 0.97268679523921
14.4 2.48856933436807 4.02811822008144 0.949020448654708
14.5 2.47138406529734 4.01741402852447 0.925354102070206
14.6 2.45419879622661 4.00670983696751 0.901687755485704
14.7 2.43701352715587 3.99600564541054 0.878021408901202
14.8 2.41982825808514 3.98530145385358 0.8543550623167
14.9 2.4026429890144 3.97459726229661 0.830688715732198
15 2.38545771994367 3.96389307073964 0.807022369147696
